SRR1039520.58002	sp|O35973|PER1_MOUSE	90.5	21	2	0	63	1	300	320	5.12e-09	43.9
SRR1039520.104774	sp|O35973|PER1_MOUSE	90.5	21	2	0	63	1	680	700	1.18e-07	40.0
SRR1039520.724765	sp|O35973|PER1_MOUSE	100	20	0	0	2	61	83	102	1.23e-05	34.3
SRR1039520.912246	sp|O35973|PER1_MOUSE	78.9	19	4	0	62	6	923	941	3.51e-06	35.8
SRR1039520.1026781	sp|O35973|PER1_MOUSE	100	18	0	0	9	62	1	18	3.91e-07	38.5
SRR1039520.1226270	sp|O35973|PER1_MOUSE	89.5	19	2	0	2	58	580	598	5.96e-08	40.8
SRR1039520.1299924	sp|O35973|PER1_MOUSE	100	20	0	0	3	62	385	404	7.43e-10	46.2
SRR1039520.1306350	sp|O35973|PER1_MOUSE	80.0	20	4	0	2	61	986	1005	1.23e-05	34.3
SRR1039520.1315366	sp|O35973|PER1_MOUSE	88.9	18	2	0	9	62	939	956	2.85e-04	30.4
SRR1039520.1328759	sp|O35973|PER1_MOUSE	95.2	21	1	0	1	63	436	456	4.19e-10	47.0
SRR1039520.1450354	sp|O35973|PER1_MOUSE	95.2	21	1	0	63	1	787	807	2.45e-08	42.0
SRR1039520.1657680	sp|O35973|PER1_MOUSE	90.0	20	2	0	62	3	1201	1220	4.86e-09	43.9
SRR1039520.1776714	sp|O35973|PER1_MOUSE	100	20	0	0	3	62	405	424	1.02e-09	45.8
SRR1039520.1843724	sp|O35973|PER1_MOUSE	94.1	17	1	0	61	11	637	653	7.31e-07	37.7
SRR1039520.2115379	sp|O35973|PER1_MOUSE	100	21	0	0	1	63	709	729	3.01e-07	38.9
SRR1039520.2665949	sp|O35973|PER1_MOUSE	95.0	20	1	0	2	61	910	929	1.53e-07	39.7
SRR1039520.2885642	sp|O35973|PER1_MOUSE	95.0	20	1	0	3	62	1117	1136	6.65e-09	43.5
SRR1039520.3107635	sp|P43354|NR4A2_HUMAN	100	21	0	0	63	1	290	310	1.67e-10	48.1
SRR1039520.3466650	sp|O35973|PER1_MOUSE	95.0	20	1	0	2	61	470	489	5.96e-08	40.8
SRR1039520.3521335	sp|O35973|PER1_MOUSE	95.0	20	1	0	3	62	227	246	4.35e-08	41.2
SRR1039520.3543075	sp|O35973|PER1_MOUSE	95.2	21	1	0	63	1	1212	1232	2.74e-09	44.7
SRR1039520.3754446	sp|P01116|RASK_HUMAN	73.7	19	5	0	59	3	1	19	8.47e-05	32.0
SRR1039520.3985160	sp|O35973|PER1_MOUSE	100	21	0	0	63	1	535	555	2.51e-11	50.4
SRR1039520.4059955	sp|O35973|PER1_MOUSE	95.0	20	1	0	3	62	243	262	2.60e-09	44.7
SRR1039520.4106210	sp|O35973|PER1_MOUSE	95.2	21	1	0	1	63	1186	1206	1.64e-10	48.1
SRR1039520.4454127	sp|O35973|PER1_MOUSE	100	20	0	0	61	2	104	123	1.11e-07	40.0
SRR1039520.5082850	tr|A2BGS7|A2BGS7_DANRE	76.2	21	5	0	1	63	109	129	1.49e-06	37.0
SRR1039520.5312972	sp|O35973|PER1_MOUSE	90.5	21	2	0	1	63	277	297	1.31e-08	42.7
SRR1039520.5533360	sp|O35973|PER1_MOUSE	83.3	18	3	0	2	55	801	818	7.33e-04	29.3
SRR1039520.5933490	sp|O35973|PER1_MOUSE	100	20	0	0	62	3	1153	1172	2.09e-07	39.3
SRR1039520.5975222	sp|O35973|PER1_MOUSE	95.0	20	1	0	62	3	4	23	6.65e-09	43.5
SRR1039520.6529882	sp|O35973|PER1_MOUSE	95.0	20	1	0	3	62	484	503	8.15e-08	40.4
SRR1039520.6781996	sp|O35973|PER1_MOUSE	100	21	0	0	63	1	126	146	5.64e-07	38.1
SRR1039520.6874543	sp|O35973|PER1_MOUSE	89.5	19	2	0	2	58	821	839	2.09e-07	39.3
SRR1039520.7765168	sp|P43354|NR4A2_HUMAN	84.2	19	3	0	6	62	434	452	2.11e-04	30.8
SRR1039520.7788514	sp|O35973|PER1_MOUSE	100	20	0	0	62	3	417	436	3.26e-11	50.1
SRR1039520.7923771	sp|O35973|PER1_MOUSE	100	20	0	0	2	61	695	714	2.33e-08	42.0
SRR1039520.8364495	sp|O35973|PER1_MOUSE	94.7	19	1	0	62	6	635	653	2.33e-08	42.0
SRR1039520.8489010	sp|O35973|PER1_MOUSE	100	20	0	0	3	62	444	463	2.13e-10	47.8
SRR1039520.9318181	sp|O35973|PER1_MOUSE	90.5	21	2	0	1	63	1193	1213	1.64e-10	48.1
SRR1039520.9326812	sp|O35973|PER1_MOUSE	95.2	21	1	0	1	63	1213	1233	2.74e-09	44.7
SRR1039520.9436663	sp|O35973|PER1_MOUSE	100	20	0	0	61	2	379	398	3.55e-09	44.3
SRR1039520.9456147	sp|O35973|PER1_MOUSE	100	21	0	0	63	1	32	52	5.72e-10	46.6
SRR1039520.9727469	sp|O35973|PER1_MOUSE	95.2	21	1	0	1	63	481	501	1.79e-08	42.4
SRR1039520.9876085	sp|O35973|PER1_MOUSE	100	20	0	0	62	3	323	342	1.02e-09	45.8
SRR1039520.10214439	sp|O35973|PER1_MOUSE	100	20	0	0	62	3	159	178	5.96e-08	40.8
SRR1039520.10247871	sp|O35973|PER1_MOUSE	100	21	0	0	1	63	426	446	3.84e-12	52.8
SRR1039520.10475797	sp|P43354|NR4A2_HUMAN	95.0	20	1	0	2	61	313	332	1.03e-09	45.8
SRR1039520.10687394	sp|O35973|PER1_MOUSE	95.0	20	1	0	2	61	1188	1207	9.09e-09	43.1
SRR1039520.10872215	sp|O35973|PER1_MOUSE	100	19	0	0	61	5	1132	1150	1.11e-07	40.0
SRR1039520.10917550	sp|O35973|PER1_MOUSE	100	18	0	0	3	56	1047	1064	8.11e-05	32.0
SRR1039520.10946053	sp|O35973|PER1_MOUSE	100	20	0	0	2	61	1153	1172	2.09e-07	39.3
SRR1039520.11025098	sp|O35973|PER1_MOUSE	95.0	20	1	0	62	3	494	513	4.86e-09	43.9
SRR1039520.11862986	sp|O35973|PER1_MOUSE	100	21	0	0	63	1	694	714	5.12e-09	43.9
SRR1039520.12087213	sp|O35973|PER1_MOUSE	100	20	0	0	3	62	97	116	2.31e-05	33.5
SRR1039520.12331458	sp|O35973|PER1_MOUSE	90.0	20	2	0	4	63	866	885	4.12e-07	38.5
SRR1039520.12524494	sp|P43354|NR4A2_HUMAN	55.0	20	9	0	61	2	58	77	1.54e-04	31.2
SRR1039520.12573664	sp|O35973|PER1_MOUSE	100	21	0	0	63	1	424	444	5.25e-12	52.4
SRR1039520.12647597	sp|O35973|PER1_MOUSE	100	21	0	0	63	1	434	454	9.81e-12	51.6
SRR1039520.13261773	sp|O35973|PER1_MOUSE	100	20	0	0	62	3	424	443	3.26e-11	50.1
SRR1039520.13518267	sp|O35973|PER1_MOUSE	100	20	0	0	62	3	335	354	4.45e-11	49.7
SRR1039520.14950673	sp|P43354|NR4A2_HUMAN	80.0	20	4	0	2	61	517	536	1.71e-05	33.9
SRR1039520.15632472	sp|O35973|PER1_MOUSE	100	21	0	0	1	63	411	431	4.69e-11	49.7
SRR1039520.15773325	sp|O35973|PER1_MOUSE	100	21	0	0	63	1	296	316	2.81e-12	53.1
SRR1039520.15882520	sp|O35973|PER1_MOUSE	95.0	20	1	0	62	3	339	358	3.55e-09	44.3
SRR1039520.15959936	sp|O35973|PER1_MOUSE	100	20	0	0	3	62	155	174	4.86e-09	43.9
SRR1039520.16205601	sp|O35973|PER1_MOUSE	100	20	0	0	62	3	390	409	3.98e-10	47.0
SRR1039520.17093501	sp|O35973|PER1_MOUSE	100	21	0	0	1	63	546	566	4.19e-10	47.0
SRR1039520.17482095	sp|O35973|PER1_MOUSE	95.0	20	1	0	62	3	255	274	4.86e-09	43.9
SRR1039520.17616682	sp|O35973|PER1_MOUSE	90.5	21	2	0	63	1	468	488	1.61e-07	39.7
SRR1039520.17906342	sp|O35973|PER1_MOUSE	95.2	21	1	0	63	1	187	207	1.07e-09	45.8
SRR1039520.18039361	sp|O35973|PER1_MOUSE	100	21	0	0	63	1	126	146	5.64e-07	38.1
SRR1039520.18125343	sp|O35973|PER1_MOUSE	100	21	0	0	1	63	535	555	2.51e-11	50.4
SRR1039520.18356421	sp|O35973|PER1_MOUSE	100	20	0	0	2	61	95	114	5.93e-05	32.3
SRR1039520.18362700	sp|O35973|PER1_MOUSE	95.2	21	1	0	1	63	464	484	7.01e-09	43.5
SRR1039520.18519270	sp|O35973|PER1_MOUSE	95.0	20	1	0	62	3	910	929	1.53e-07	39.7
SRR1039520.18835371	sp|O35973|PER1_MOUSE	95.0	20	1	0	61	2	179	198	1.39e-09	45.4
SRR1039520.18891043	sp|P43354|NR4A2_HUMAN	100	21	0	0	1	63	295	315	1.22e-10	48.5
SRR1039520.19426434	sp|P43354|NR4A2_HUMAN	90.0	20	2	0	61	2	566	585	9.25e-09	43.1
SRR1039520.19664634	sp|O35973|PER1_MOUSE	94.7	19	1	0	6	62	909	927	7.31e-07	37.7
SRR1039520.19750523	sp|O35973|PER1_MOUSE	100	21	0	0	63	1	111	131	6.94e-06	35.0
SRR1039520.19850249	sp|O35973|PER1_MOUSE	100	20	0	0	62	3	434	453	6.09e-11	49.3
SRR1039520.19862928	sp|O35973|PER1_MOUSE	85.0	20	3	0	61	2	979	998	1.87e-06	36.6
SRR1039520.20327694	sp|O35973|PER1_MOUSE	85.0	20	3	0	62	3	1155	1174	1.69e-05	33.9
SRR1039520.20375495	sp|O35973|PER1_MOUSE	95.0	20	1	0	3	62	424	443	4.45e-11	49.7
SRR1039520.20646865	sp|O35973|PER1_MOUSE	95.0	20	1	0	3	62	244	263	3.55e-09	44.3
SRR1039520.6392329	sp|P08238|HS90B_HUMAN	100	21	0	0	63	1	594	614	2.27e-10	47.8
SRR1039520.22019834	sp|Q9Y692|GMEB1_HUMAN	90.0	20	2	0	62	3	139	158	2.90e-07	38.9
SRR1039520.29805268	sp|Q9NRY4|RHG35_HUMAN	100	21	0	0	63	1	633	653	7.81e-10	46.2
SRR1039520.2229831	sp|P51531|SMCA2_HUMAN	100	20	0	0	3	62	1449	1468	3.55e-09	44.3
SRR1039520.8278692	sp|Q64127|TIF1A_MOUSE	63.2	19	7	0	6	62	828	846	3.92e-07	38.5
SRR1039520.19768424	sp|P08238|HS90B_HUMAN	90.5	21	2	0	63	1	54	74	1.81e-08	42.4
SRR1039520.2099686	tr|A0A480LKS3|A0A480LKS3_PIG	100	16	0	0	63	16	214	229	1.35e-05	34.3
SRR1039520.3006467	sp|P08238|HS90B_HUMAN	100	20	0	0	61	2	531	550	1.01e-06	37.4
SRR1039520.571453	sp|Q96H86|ZN764_HUMAN	95.0	20	1	0	3	62	4	23	6.86e-09	43.5
SRR1039520.1934741	sp|P08238|HS90B_HUMAN	100	20	0	0	61	2	524	543	2.35e-08	42.0
SRR1039520.25398442	sp|P08238|HS90B_HUMAN	100	21	0	0	1	63	683	703	1.32e-08	42.7
SRR1039520.5804549	sp|P01116|RASK_HUMAN	84.2	19	3	0	61	5	61	79	5.15e-07	38.1
SRR1039520.6966964	tr|W1PJ14|W1PJ14_AMBTC	73.7	19	5	0	5	61	492	510	1.25e-05	34.3
SRR1039520.11131505	sp|P08238|HS90B_HUMAN	100	20	0	0	3	62	556	575	4.40e-08	41.2
SRR1039520.25723579	sp|Q925J9|MED1_MOUSE	100	21	0	0	63	1	1200	1220	3.35e-08	41.6
SRR1039520.16565632	sp|P08238|HS90B_HUMAN	100	20	0	0	62	3	91	110	1.72e-08	42.4
SRR1039520.9000007	sp|P10275|ANDR_HUMAN	100	21	0	0	1	63	150	170	2.47e-08	42.0
SRR1039520.21756578	sp|P08238|HS90B_HUMAN	95.0	20	1	0	3	62	126	145	1.72e-08	42.4
SRR1039520.15735440	sp|P08238|HS90B_HUMAN	90.0	20	2	0	1	60	178	197	4.16e-07	38.5
SRR1039520.17524039	tr|W1PJ14|W1PJ14_AMBTC	90.0	20	2	0	2	61	532	551	2.64e-09	44.7
SRR1039520.5692006	tr|Q4H2U9|Q4H2U9_CIOIN	81.0	21	4	0	1	63	171	191	1.34e-08	42.7
SRR1039520.24694358	sp|P08238|HS90B_HUMAN	100	21	0	0	1	63	529	549	7.08e-09	43.5
SRR1039520.569108	sp|P08238|HS90B_HUMAN	95.0	20	1	0	3	62	397	416	3.95e-07	38.5
SRR1039520.23974161	sp|P08238|HS90B_HUMAN	100	20	0	0	61	2	387	406	2.88e-07	38.9
SRR1039520.14822496	sp|P51532|SMCA4_HUMAN	100	20	0	0	2	61	617	636	9.07e-09	43.1
SRR1039520.4333226	sp|P40763|STAT3_HUMAN	100	20	0	0	3	62	725	744	1.40e-09	45.4
SRR1039520.30879681	sp|P40763|STAT3_HUMAN	100	20	0	0	3	62	561	580	5.49e-10	46.6
SRR1039520.17366806	sp|P08238|HS90B_HUMAN	100	21	0	0	1	63	202	222	2.27e-10	47.8
SRR1039520.16163897	sp|P01116|RASK_HUMAN	80.0	20	4	0	2	61	56	75	7.10e-07	37.7
SRR1039520.25702974	tr|W1PJ14|W1PJ14_AMBTC	55.0	20	9	0	3	62	501	520	6.00e-05	32.3
SRR1039520.18113284	sp|B2RWS6|EP300_MOUSE	90.0	20	2	0	2	61	1269	1288	1.24e-08	42.7
SRR1039520.30068756	sp|Q9NRY4|RHG35_HUMAN	100	20	0	0	2	61	847	866	5.94e-08	40.8
SRR1039520.1847102	sp|P09471|GNAO_HUMAN	71.4	21	6	0	63	1	64	84	2.26e-04	30.8
SRR1039520.21110432	sp|P08238|HS90B_HUMAN	95.0	20	1	0	4	63	272	291	2.48e-08	42.0
SRR1039520.25095421	sp|P51532|SMCA4_HUMAN	80.0	20	4	0	3	62	1165	1184	1.52e-07	39.7
SRR1039520.4984075	sp|P08238|HS90B_HUMAN	85.7	21	3	0	1	63	484	504	4.64e-08	41.2
SRR1039520.12021489	tr|W1PJ14|W1PJ14_AMBTC	85.0	20	3	0	61	2	538	557	5.42e-07	38.1
SRR1039520.578513	sp|P40763|STAT3_HUMAN	100	20	0	0	61	2	636	655	9.18e-09	43.1
SRR1039520.29803713	tr|A8QZ73|A8QZ73_MAIZE	81.0	21	4	0	63	1	109	129	6.36e-10	45.8
SRR1039520.2356173	sp|P40763|STAT3_HUMAN	100	20	0	0	61	2	54	73	1.92e-09	45.1
SRR1039520.25830710	sp|P08238|HS90B_HUMAN	95.0	20	1	0	3	62	126	145	1.72e-08	42.4
SRR1039520.4177363	sp|P08238|HS90B_HUMAN	100	20	0	0	62	3	566	585	2.88e-07	38.9
SRR1039520.10513419	sp|P51531|SMCA2_HUMAN	100	19	0	0	63	7	537	555	8.57e-08	40.4
SRR1039520.5636236	sp|P40763|STAT3_HUMAN	45.0	20	11	0	3	62	557	576	1.70e-05	33.9
SRR1039520.17944162	sp|B2RWS6|EP300_MOUSE	75.0	20	5	0	61	2	558	577	5.31e-07	38.1
SRR1039520.7967558	sp|P08238|HS90B_HUMAN	90.0	20	2	0	2	61	420	439	1.54e-07	39.7
SRR1039520.28044645	sp|P08238|HS90B_HUMAN	78.9	19	4	0	59	3	447	465	1.70e-05	33.9
SRR1039520.13080800	sp|Q9NRY4|RHG35_HUMAN	100	21	0	0	63	1	738	758	5.11e-09	43.9
SRR1039520.1663288	sp|P09471|GNAO_HUMAN	95.0	20	1	0	2	61	30	49	7.57e-07	37.7
SRR1039520.20856389	sp|P08238|HS90B_HUMAN	95.0	20	1	0	61	2	698	717	2.11e-07	39.3
SRR1039520.14808641	sp|P51532|SMCA4_HUMAN	100	20	0	0	3	62	919	938	1.39e-09	45.4
SRR1039520.11017666	tr|W1PJ14|W1PJ14_AMBTC	73.7	19	5	0	59	3	492	510	1.25e-05	34.3
SRR1039520.17344306	sp|P51531|SMCA2_HUMAN	100	21	0	0	63	1	1311	1331	4.17e-10	47.0
SRR1039520.18227892	sp|Q925J9|MED1_MOUSE	100	20	0	0	3	62	1191	1210	5.94e-08	40.8
SRR1039520.16586525	sp|P40763|STAT3_HUMAN	100	20	0	0	2	61	156	175	1.26e-08	42.7
SRR1039520.568314	sp|P40763|STAT3_HUMAN	85.0	20	3	0	1	60	392	411	1.62e-07	39.7
SRR1039520.19667787	sp|P08238|HS90B_HUMAN	100	21	0	0	1	63	664	684	7.92e-10	46.2
SRR1039520.33318154	sp|Q15788|NCOA1_HUMAN	100	20	0	0	3	62	214	233	2.60e-09	44.7
SRR1039520.34142961	sp|P01116|RASK_HUMAN	80.0	15	3	0	17	61	1	15	2.19e-04	30.8
SRR1039520.22920	sp|P08238|HS90B_HUMAN	85.0	20	3	0	61	2	126	145	7.39e-07	37.7
SRR1039520.14880483	sp|P40763|STAT3_HUMAN	100	20	0	0	2	61	537	556	2.41e-11	50.4
SRR1039520.19802309	sp|P08238|HS90B_HUMAN	100	20	0	0	2	61	495	514	1.26e-08	42.7
SRR1039520.2752390	sp|P08238|HS90B_HUMAN	90.5	21	2	0	1	63	674	694	1.48e-09	45.4
SRR1039520.11204010	sp|Q925J9|MED1_MOUSE	100	20	0	0	2	61	507	526	9.98e-07	37.4
SRR1039520.33935823	sp|P51531|SMCA2_HUMAN	100	20	0	0	2	61	1459	1478	2.12e-10	47.8
SRR1039520.12910976	tr|W1PJ14|W1PJ14_AMBTC	57.1	21	9	0	1	63	501	521	1.80e-05	33.9
SRR1039520.21586684	tr|W1PJ14|W1PJ14_AMBTC	68.4	19	6	0	62	6	467	485	8.22e-05	32.0
SRR1039520.12760512	sp|P08238|HS90B_HUMAN	100	21	0	0	1	63	436	456	9.69e-09	43.1
SRR1039520.9062501	sp|P08238|HS90B_HUMAN	100	20	0	0	3	62	30	49	2.35e-08	42.0
SRR1039520.1514474	sp|P09471|GNAO_HUMAN	90.0	20	2	0	2	61	172	191	6.18e-08	40.8
SRR1039520.1056936	sp|P08238|HS90B_HUMAN	100	21	0	0	1	63	81	101	9.69e-09	43.1
SRR1039520.1427048	tr|A0A8I3NIH7|A0A8I3NIH7_CANLF	100	20	0	0	3	62	377	396	1.04e-09	45.8
SRR1039520.4290810	sp|P40763|STAT3_HUMAN	100	20	0	0	62	3	279	298	6.01e-08	40.8
SRR1039520.12770283	sp|P08238|HS90B_HUMAN	100	20	0	0	4	63	511	530	1.21e-10	48.5
SRR1039520.4355165	sp|Q92831|KAT2B_HUMAN	100	20	0	0	2	61	224	243	4.01e-10	47.0
SRR1039520.29393105	sp|P08238|HS90B_HUMAN	84.2	19	3	0	61	5	560	578	1.38e-06	37.0
SRR1039520.1655974	sp|B2RWS6|EP300_MOUSE	95.0	20	1	0	4	63	452	471	7.67e-07	37.7
SRR1039520.3830677	sp|Q9NRY4|RHG35_HUMAN	100	20	0	0	61	2	1257	1276	1.14e-10	48.5
SRR1039520.28754898	sp|P08238|HS90B_HUMAN	76.2	21	5	0	63	1	496	516	4.16e-07	38.5
SRR1039520.24686432	sp|Q64127|TIF1A_MOUSE	95.0	20	1	0	3	62	517	536	1.91e-09	45.1
SRR1039520.33217918	sp|P40763|STAT3_HUMAN	100	20	0	0	61	2	24	43	1.15e-10	48.5
SRR1039520.2192657	sp|Q61026|NCOA2_MOUSE	100	20	0	0	2	61	536	555	7.30e-07	37.7
SRR1039520.609170	sp|P08238|HS90B_HUMAN	75.0	20	5	0	61	2	382	401	1.24e-05	34.3
SRR1039520.26779636	sp|P08238|HS90B_HUMAN	66.7	21	7	0	63	1	682	702	6.32e-05	32.3
SRR1039520.17476385	sp|Q9UKL3|C8AP2_HUMAN	100	20	0	0	62	3	1688	1707	1.89e-09	45.1
SRR1039520.17686415	sp|P08238|HS90B_HUMAN	95.0	20	1	0	61	2	38	57	8.24e-08	40.4
SRR1039520.33735321	sp|Q64127|TIF1A_MOUSE	70.0	20	6	0	2	61	243	262	7.33e-07	37.7
SRR1039520.2181465	sp|P08238|HS90B_HUMAN	78.9	19	4	0	59	3	433	451	4.85e-06	35.4
SRR1039520.2483019	tr|A0A670JPT3|A0A670JPT3_PODMU	80.0	20	4	0	1	60	402	421	5.16e-06	35.4
SRR1039520.1955746	sp|Q9UGP4|LIMD1_HUMAN	100	20	0	0	2	61	277	296	9.21e-09	43.1
SRR1039520.18611121	sp|P42345|MTOR_HUMAN	100	20	0	0	61	2	1699	1718	1.89e-09	45.1
SRR1039520.23870235	sp|P40763|STAT3_HUMAN	100	20	0	0	62	3	392	411	2.35e-08	42.0
SRR1039520.5860335	sp|P08238|HS90B_HUMAN	80.0	20	4	0	62	3	549	568	1.12e-04	31.6
SRR1039520.31820930	tr|W1PJ14|W1PJ14_AMBTC	66.7	21	7	0	63	1	496	516	3.76e-06	35.8
SRR1039520.32321946	sp|P08238|HS90B_HUMAN	100	20	0	0	2	61	110	129	2.35e-08	42.0
SRR1039520.15845132	sp|P40763|STAT3_HUMAN	95.0	20	1	0	61	2	516	535	1.54e-07	39.7
SRR1039520.8930305	sp|P08238|HS90B_HUMAN	100	20	0	0	61	2	612	631	4.02e-10	47.0
SRR1039520.18499273	sp|P08238|HS90B_HUMAN	100	20	0	0	2	61	272	291	1.92e-09	45.1
SRR1039520.10676892	sp|P08238|HS90B_HUMAN	90.5	21	2	0	1	63	110	130	5.69e-07	38.1
SRR1039520.30267216	sp|P40763|STAT3_HUMAN	95.2	21	1	0	63	1	410	430	1.21e-10	48.5
SRR1039520.19934832	sp|P08238|HS90B_HUMAN	100	21	0	0	63	1	98	118	7.08e-09	43.5
SRR1039520.26018610	sp|P08238|HS90B_HUMAN	95.2	21	1	0	63	1	175	195	3.79e-09	44.3
SRR1039520.26832934	sp|P09471|GNAO_HUMAN	90.0	20	2	0	62	3	256	275	1.16e-07	40.0
SRR1039520.11664527	sp|P08238|HS90B_HUMAN	82.4	17	3	0	3	53	594	610	2.33e-05	33.5
SRR1039520.18111128	sp|P09471|GNAO_HUMAN	85.0	20	3	0	61	2	194	213	3.69e-09	44.3
SRR1039520.15455684	sp|P08238|HS90B_HUMAN	100	21	0	0	63	1	527	547	2.77e-09	44.7
SRR1039520.1428921	sp|P08238|HS90B_HUMAN	100	20	0	0	2	61	365	384	7.52e-10	46.2
SRR1039520.29246233	tr|W1PJ14|W1PJ14_AMBTC	73.7	19	5	0	7	63	492	510	1.32e-05	34.3
SRR1039520.15144877	sp|P51531|SMCA2_HUMAN	100	20	0	0	61	2	1074	1093	9.07e-09	43.1
SRR1039520.9596197	sp|Q15788|NCOA1_HUMAN	100	20	0	0	2	61	594	613	5.95e-08	40.8
SRR1039520.15064334	sp|Q9NRY4|RHG35_HUMAN	100	20	0	0	2	61	49	68	1.01e-09	45.8
SRR1039520.18521276	sp|P08238|HS90B_HUMAN	75.0	20	5	0	2	61	554	573	9.09e-06	34.7
SRR1039520.14547887	sp|P08238|HS90B_HUMAN	100	20	0	0	2	61	340	359	6.73e-09	43.5
SRR1039520.34319147	sp|P08238|HS90B_HUMAN	81.0	21	4	0	63	1	504	524	1.81e-08	42.4
SRR1039520.18868471	sp|P09471|GNAO_HUMAN	90.5	21	2	0	63	1	36	56	4.26e-07	38.5
SRR1039520.4718615	sp|P08238|HS90B_HUMAN	81.0	21	4	0	63	1	209	229	6.35e-08	40.8
SRR1039520.32570795	tr|A0A670JPT3|A0A670JPT3_PODMU	89.5	19	2	0	6	62	242	260	2.38e-08	42.0
SRR1039520.24312348	sp|P51531|SMCA2_HUMAN	100	21	0	0	63	1	1106	1126	1.46e-09	45.4
SRR1039520.31516552	sp|P08238|HS90B_HUMAN	95.0	20	1	0	2	61	295	314	6.73e-09	43.5
SRR1039520.11949774	sp|P40763|STAT3_HUMAN	100	20	0	0	2	61	696	715	5.49e-10	46.6
SRR1039520.28606773	tr|W1PJ14|W1PJ14_AMBTC	90.0	20	2	0	3	62	536	555	3.23e-08	41.6
SRR1039520.6133658	sp|Q9NRY4|RHG35_HUMAN	100	20	0	0	2	61	643	662	6.07e-11	49.3
SRR1039520.31883739	sp|P42345|MTOR_HUMAN	100	21	0	0	63	1	880	900	5.68e-10	46.6
SRR1039520.31544438	sp|P08238|HS90B_HUMAN	100	21	0	0	1	63	331	351	7.92e-10	46.2
SRR1039520.28146673	sp|P08238|HS90B_HUMAN	100	20	0	0	2	61	583	602	7.52e-10	46.2
SRR1039520.30326087	sp|P08238|HS90B_HUMAN	100	20	0	0	62	3	62	81	4.92e-09	43.9
SRR1039520.24890461	sp|P40763|STAT3_HUMAN	84.2	19	3	0	61	5	239	257	1.26e-08	42.7
SRR1039520.942135	sp|Q9NRY4|RHG35_HUMAN	100	21	0	0	1	63	54	74	2.23e-10	47.8
SRR1039520.23854648	sp|P08238|HS90B_HUMAN	95.0	20	1	0	3	62	86	105	1.72e-08	42.4
SRR1039520.1244789	sp|O43889|CREB3_HUMAN	100	21	0	0	63	1	208	228	5.81e-07	38.1
SRR1039520.21130733	sp|Q925J9|MED1_MOUSE	95.0	20	1	0	2	61	347	366	5.42e-10	46.6
SRR1039520.8804381	sp|P09471|GNAO_HUMAN	85.7	21	3	0	1	63	181	201	7.26e-09	43.5
SRR1039520.18219435	sp|P51531|SMCA2_HUMAN	80.0	20	4	0	2	61	1115	1134	7.29e-07	37.7
SRR1039520.21370048	sp|B2RWS6|EP300_MOUSE	100	20	0	0	61	2	2375	2394	4.33e-08	41.2
SRR1039520.3847605	sp|P08238|HS90B_HUMAN	85.0	20	3	0	3	62	578	597	3.95e-07	38.5
SRR1039520.24773397	tr|A0A670JPT3|A0A670JPT3_PODMU	100	20	0	0	2	61	159	178	3.34e-11	50.1
SRR1039520.8448534	sp|Q7SYN5|RXRBA_DANRE	61.9	21	8	0	1	63	150	170	2.49e-05	33.5
SRR1039520.15370710	sp|P09471|GNAO_HUMAN	80.0	20	4	0	61	2	184	203	6.18e-08	40.8
SRR1039520.34270950	sp|P51532|SMCA4_HUMAN	100	20	0	0	2	61	543	562	4.34e-08	41.2
SRR1039520.14565603	sp|P08238|HS90B_HUMAN	100	19	0	0	2	58	125	143	1.26e-08	42.7
SRR1039520.20263899	sp|P08238|HS90B_HUMAN	95.0	20	1	0	3	62	44	63	1.13e-07	40.0
SRR1039520.9997996	tr|A0A8I3NIH7|A0A8I3NIH7_CANLF	100	20	0	0	3	62	246	265	8.49e-11	48.9
SRR1039520.23424730	sp|P51532|SMCA4_HUMAN	100	21	0	0	63	1	1174	1194	3.42e-11	50.1
SRR1039520.28370066	tr|A0A480LKS3|A0A480LKS3_PIG	100	21	0	0	63	1	214	234	5.33e-09	43.9
SRR1039520.13677044	sp|Q9NRY4|RHG35_HUMAN	100	20	0	0	3	62	633	652	3.55e-09	44.3
SRR1039520.4198486	sp|P08238|HS90B_HUMAN	100	20	0	0	3	62	583	602	7.52e-10	46.2
SRR1039520.14037500	sp|P51532|SMCA4_HUMAN	100	16	0	0	15	62	329	344	2.08e-04	30.8
SRR1039520.4187673	sp|Q925J9|MED1_MOUSE	100	21	0	0	63	1	879	899	3.35e-08	41.6
SRR1039520.15323227	sp|P51532|SMCA4_HUMAN	100	21	0	0	63	1	1176	1196	3.05e-10	47.4
SRR1039520.17504823	sp|Q9NRY4|RHG35_HUMAN	100	20	0	0	2	61	1358	1377	3.18e-08	41.6
SRR1039520.19274871	sp|P08238|HS90B_HUMAN	100	21	0	0	63	1	362	382	6.48e-11	49.3
SRR1039520.8694921	sp|P40763|STAT3_HUMAN	100	21	0	0	63	1	27	47	4.73e-11	49.7
SRR1039520.17069115	tr|W1PJ14|W1PJ14_AMBTC	85.0	20	3	0	62	3	542	561	1.73e-08	42.4
SRR1039520.25203572	sp|P08238|HS90B_HUMAN	100	21	0	0	63	1	398	418	3.39e-08	41.6
SRR1039520.5048045	sp|P09471|GNAO_HUMAN	95.0	20	1	0	61	2	201	220	1.62e-10	48.1
SRR1039520.7801345	sp|P08238|HS90B_HUMAN	100	21	0	0	1	63	400	420	8.68e-08	40.4
SRR1039520.6223092	sp|P08238|HS90B_HUMAN	100	20	0	0	2	61	388	407	3.95e-07	38.5
SRR1039520.9886251	sp|P40763|STAT3_HUMAN	95.0	20	1	0	61	2	282	301	3.94e-07	38.5
SRR1039520.59792	sp|P40763|STAT3_HUMAN	100	21	0	0	1	63	176	196	2.02e-09	45.1
SRR1039520.26512854	sp|P08238|HS90B_HUMAN	90.0	20	2	0	3	62	517	536	2.35e-08	42.0
SRR1039520.28237869	sp|P08238|HS90B_HUMAN	100	21	0	0	1	63	148	168	1.21e-10	48.5
SRR1039520.28691173	sp|P08238|HS90B_HUMAN	100	21	0	0	1	63	537	557	2.00e-06	36.6
SRR1039520.13059429	sp|Q925J9|MED1_MOUSE	100	20	0	0	61	2	778	797	5.33e-07	38.1
SRR1039520.2090795	tr|A0A480LKS3|A0A480LKS3_PIG	100	20	0	0	3	62	132	151	7.74e-10	46.2
SRR1039520.8316878	sp|Q9Y692|GMEB1_HUMAN	100	21	0	0	1	63	516	536	1.82e-08	42.4
SRR1039520.5076755	sp|B2RWS6|EP300_MOUSE	100	20	0	0	62	3	2370	2389	1.11e-07	40.0
SRR1039520.14360641	tr|W1PJ14|W1PJ14_AMBTC	85.7	21	3	0	63	1	540	560	5.20e-09	43.9
SRR1039520.256312	sp|P08238|HS90B_HUMAN	89.5	19	2	0	5	61	509	527	4.40e-08	41.2
SRR1039520.31065531	sp|P08238|HS90B_HUMAN	100	20	0	0	3	62	388	407	3.95e-07	38.5
SRR1039520.22422385	sp|P01116|RASK_HUMAN	65.0	20	7	0	61	2	36	55	1.59e-04	31.2
SRR1039520.10515288	sp|Q92831|KAT2B_HUMAN	95.0	20	1	0	2	61	134	153	2.62e-09	44.7
SRR1039520.6052993	tr|W1PJ14|W1PJ14_AMBTC	84.2	19	3	0	59	3	528	546	2.90e-07	38.9
SRR1039520.5221301	sp|P08238|HS90B_HUMAN	100	21	0	0	1	63	378	398	3.79e-09	44.3
SRR1039520.10966472	sp|P09471|GNAO_HUMAN	73.7	19	5	0	1	57	46	64	1.84e-05	33.9
SRR1039520.17295733	sp|P08238|HS90B_HUMAN	81.0	21	4	0	63	1	493	513	3.04e-07	38.9
SRR1039520.16109795	sp|P08238|HS90B_HUMAN	100	21	0	0	1	63	385	405	4.64e-08	41.2
SRR1039520.8968122	sp|P08238|HS90B_HUMAN	80.0	20	4	0	60	1	447	466	5.12e-06	35.4
SRR1039520.20235160	sp|P51531|SMCA2_HUMAN	100	17	0	0	53	3	567	583	3.50e-06	35.8
SRR1039520.33324152	sp|P51532|SMCA4_HUMAN	100	20	0	0	2	61	869	888	2.90e-10	47.4
SRR1039520.1678908	sp|P08238|HS90B_HUMAN	100	20	0	0	3	62	592	611	3.60e-09	44.3
SRR1039520.5293852	sp|P09471|GNAO_HUMAN	76.2	21	5	0	63	1	285	305	3.47e-08	41.6
SRR1039520.13849905	sp|Q9UKL3|C8AP2_HUMAN	100	20	0	0	61	2	1374	1393	1.69e-08	42.4
SRR1039520.21828927	tr|A0AA88PK51|A0AA88PK51_9TELE	85.0	20	3	0	62	3	1001	1020	6.58e-06	35.0
SRR1039520.13641015	tr|A2BGS7|A2BGS7_DANRE	84.2	19	3	0	6	62	101	119	8.10e-08	40.4
SRR1039520.7415250	sp|P09471|GNAO_HUMAN	61.9	21	8	0	1	63	61	81	8.82e-05	32.0
SRR1039520.16469215	sp|P08238|HS90B_HUMAN	100	14	0	0	62	21	711	724	3.94e-04	30.0
SRR1039520.16111417	sp|B2RWS6|EP300_MOUSE	100	20	0	0	2	61	1306	1325	1.38e-09	45.4
SRR1039520.29999632	sp|Q92993|KAT5_HUMAN	95.0	20	1	0	61	2	158	177	3.98e-07	38.5
SRR1039520.26783863	sp|Q9NRY4|RHG35_HUMAN	87.5	16	2	0	3	50	845	860	8.10e-05	32.0
SRR1039520.23571831	tr|W1PJ14|W1PJ14_AMBTC	85.0	20	3	0	61	2	538	557	5.42e-07	38.1
SRR1039520.13904452	sp|P08238|HS90B_HUMAN	100	21	0	0	1	63	643	663	7.08e-09	43.5
SRR1039520.3390102	sp|P08238|HS90B_HUMAN	75.0	20	5	0	1	60	591	610	2.00e-06	36.6
SRR1039520.17469050	sp|Q9NRY4|RHG35_HUMAN	68.4	19	6	0	6	62	476	494	5.92e-05	32.3
SRR1039520.11676069	sp|Q15788|NCOA1_HUMAN	100	19	0	0	2	58	371	389	8.14e-08	40.4
SRR1039520.596248	sp|P09471|GNAO_HUMAN	70.6	17	5	0	63	13	338	354	8.82e-05	32.0
SRR1039520.33997574	sp|P42345|MTOR_HUMAN	100	20	0	0	2	61	2521	2540	4.83e-09	43.9
SRR1039520.849017	sp|Q64127|TIF1A_MOUSE	81.8	22	3	1	1	63	542	563	1.06e-06	37.4
SRR1039520.32511125	sp|P08238|HS90B_HUMAN	100	17	0	0	2	52	39	55	4.85e-06	35.4
SRR1039520.27855290	sp|Q60641|NR1H4_MOUSE	84.2	19	3	0	58	2	182	200	3.99e-07	38.5
SRR1039520.12816190	sp|P08238|HS90B_HUMAN	90.5	21	2	0	1	63	403	423	4.64e-08	41.2
SRR1039520.5445547	tr|A0A212CGZ6|A0A212CGZ6_CEREH	80.0	20	4	0	4	63	22	41	1.52e-09	45.4
SRR1039520.30022142	sp|P08238|HS90B_HUMAN	100	21	0	0	1	63	324	344	4.23e-10	47.0
SRR1039520.30846646	sp|P08238|HS90B_HUMAN	100	19	0	0	2	58	179	197	2.88e-07	38.9
SRR1039520.16053637	sp|P28704|RXRB_MOUSE	100	21	0	0	63	1	462	482	1.50e-09	45.4
SRR1039520.8821229	sp|P40763|STAT3_HUMAN	100	20	0	0	62	3	624	643	3.21e-08	41.6
SRR1039520.33473604	sp|P40763|STAT3_HUMAN	100	20	0	0	61	2	493	512	8.41e-11	48.9
SRR1039520.28929117	sp|Q9UGP4|LIMD1_HUMAN	100	20	0	0	62	3	148	167	1.41e-09	45.4
SRR1039520.23709914	sp|Q9Y692|GMEB1_HUMAN	73.7	19	5	0	5	61	95	113	1.73e-08	42.4
SRR1039520.29274202	sp|P08238|HS90B_HUMAN	100	21	0	0	63	1	33	53	5.18e-09	43.9
SRR1039520.24326193	sp|Q9UGP4|LIMD1_HUMAN	84.2	19	3	0	6	62	565	583	3.22e-08	41.6
SRR1039520.33776265	sp|O43889|CREB3_HUMAN	100	20	0	0	61	2	53	72	1.93e-06	36.6
SRR1039520.33357511	sp|P08238|HS90B_HUMAN	100	20	0	0	2	61	575	594	1.13e-07	40.0
SRR1039520.32574526	sp|P42345|MTOR_HUMAN	100	20	0	0	62	3	1159	1178	1.11e-07	40.0
SRR1039520.3150394	sp|P08238|HS90B_HUMAN	100	20	0	0	62	3	612	631	4.02e-10	47.0
SRR1039520.13957741	sp|P51531|SMCA2_HUMAN	100	20	0	0	62	3	965	984	6.63e-09	43.5
SRR1039520.1252442	sp|O43889|CREB3_HUMAN	100	20	0	0	61	2	130	149	4.51e-08	41.2
SRR1039520.1650064	sp|P08238|HS90B_HUMAN	100	20	0	0	2	61	644	663	4.40e-08	41.2
SRR1039520.24368422	sp|P09471|GNAO_HUMAN	78.9	19	4	0	3	59	145	163	4.96e-06	35.4
SRR1039520.6526600	sp|P08238|HS90B_HUMAN	95.2	21	1	0	63	1	670	690	3.10e-10	47.4
SRR1039520.8702324	sp|Q15788|NCOA1_HUMAN	100	20	0	0	3	62	1197	1216	8.14e-08	40.4
SRR1039520.17439804	sp|P40763|STAT3_HUMAN	100	21	0	0	1	63	482	502	1.36e-11	51.2
SRR1039520.9535843	sp|P08238|HS90B_HUMAN	95.0	20	1	0	62	3	84	103	1.72e-08	42.4
SRR1039520.31373257	sp|P09471|GNAO_HUMAN	75.0	20	5	0	60	1	1	20	1.84e-05	33.9
SRR1039520.31814644	sp|P40763|STAT3_HUMAN	100	20	0	0	3	62	186	205	1.01e-06	37.4
SRR1039520.4013292	sp|P08238|HS90B_HUMAN	100	21	0	0	63	1	447	467	7.08e-09	43.5
SRR1039520.12980893	sp|Q9UGP4|LIMD1_HUMAN	52.4	21	10	0	63	1	620	640	3.75e-06	35.8
SRR1039520.10915146	sp|P40763|STAT3_HUMAN	100	21	0	0	63	1	177	197	9.67e-09	43.1
SRR1039520.6279707	sp|P08238|HS90B_HUMAN	100	21	0	0	63	1	28	48	5.18e-09	43.9
SRR1039520.824035	sp|P51531|SMCA2_HUMAN	95.0	20	1	0	61	2	1106	1125	2.32e-08	42.0
SRR1039520.25444191	sp|P40763|STAT3_HUMAN	100	20	0	0	62	3	431	450	2.63e-09	44.7
SRR1039520.11274684	sp|B2RWS6|EP300_MOUSE	100	20	0	0	3	62	1500	1519	8.26e-11	48.9
SRR1039520.18506272	tr|W1PJ14|W1PJ14_AMBTC	70.0	20	6	0	62	3	466	485	6.67e-06	35.0
SRR1039520.24913916	sp|P40763|STAT3_HUMAN	95.0	20	1	0	62	3	703	722	2.35e-08	42.0
SRR1039520.8747618	sp|P08238|HS90B_HUMAN	90.0	20	2	0	2	61	403	422	6.02e-08	40.8
SRR1039520.87249	sp|P51531|SMCA2_HUMAN	100	21	0	0	63	1	527	547	1.63e-10	48.1
SRR1039520.22221777	tr|W1PJ14|W1PJ14_AMBTC	84.2	19	3	0	63	7	546	564	1.63e-07	39.7
SRR1039520.8556887	sp|P09471|GNAO_HUMAN	80.0	20	4	0	60	1	322	341	5.83e-07	38.1
SRR1039520.3260101	tr|W1PJ14|W1PJ14_AMBTC	61.9	21	8	0	63	1	467	487	6.34e-05	32.3
SRR1039520.30494481	sp|P08238|HS90B_HUMAN	90.0	20	2	0	61	2	355	374	6.73e-09	43.5
SRR1039520.3643448	sp|P51531|SMCA2_HUMAN	100	21	0	0	1	63	945	965	3.35e-08	41.6
SRR1039520.14737710	sp|B2RWS6|EP300_MOUSE	90.5	21	2	0	63	1	469	489	6.24e-08	40.8
SRR1039520.3011830	sp|P08238|HS90B_HUMAN	100	20	0	0	3	62	296	315	2.94e-10	47.4
SRR1039520.9609277	sp|P01116|RASK_HUMAN	68.4	19	6	0	1	57	157	175	1.23e-04	31.6
SRR1039520.19464977	sp|P23771|GATA3_HUMAN	95.2	21	1	0	63	1	313	333	2.06e-09	45.1
SRR1039520.28110541	tr|W1PJ14|W1PJ14_AMBTC	85.0	20	3	0	62	3	528	547	8.28e-08	40.4
SRR1039520.17350590	tr|A0A8I3NIH7|A0A8I3NIH7_CANLF	100	13	0	0	1	39	556	568	4.64e-05	32.7
SRR1039520.24411980	sp|P08238|HS90B_HUMAN	80.0	20	4	0	3	62	436	455	1.89e-06	36.6
SRR1039520.6992315	sp|P08238|HS90B_HUMAN	100	20	0	0	61	2	97	116	1.26e-08	42.7
SRR1039520.4273193	sp|P08238|HS90B_HUMAN	80.0	20	4	0	61	2	125	144	3.95e-07	38.5
SRR1039520.15367574	sp|Q9NRY4|RHG35_HUMAN	100	20	0	0	3	62	816	835	1.24e-08	42.7
SRR1039520.1977768	tr|W1PJ14|W1PJ14_AMBTC	70.0	20	6	0	61	2	466	485	6.67e-06	35.0
SRR1039520.24273804	sp|P08238|HS90B_HUMAN	65.0	20	7	0	4	63	499	518	2.00e-06	36.6
SRR1039520.22463165	sp|Q90416|RXRGA_DANRE	63.2	19	7	0	59	3	382	400	5.46e-04	29.6
SRR1039520.12098536	sp|P40763|STAT3_HUMAN	100	21	0	0	1	63	143	163	6.34e-08	40.8
SRR1039520.11267458	tr|W1PJ14|W1PJ14_AMBTC	90.5	21	2	0	63	1	533	553	8.91e-11	48.9
SRR1039520.5139715	sp|P51532|SMCA4_HUMAN	100	21	0	0	1	63	1335	1355	1.07e-09	45.8
SRR1039520.11276682	tr|A0AA88PK51|A0AA88PK51_9TELE	68.4	19	6	0	62	6	915	933	1.37e-06	37.0
SRR1039520.18284351	tr|A0A480PNE7|A0A480PNE7_PIG	100	20	0	0	3	62	353	372	1.28e-08	42.7
SRR1039520.14595790	tr|W1PJ14|W1PJ14_AMBTC	89.5	19	2	0	59	3	542	560	2.36e-08	42.0
SRR1039520.24723285	tr|A0A670JPT3|A0A670JPT3_PODMU	100	21	0	0	63	1	299	319	2.05e-09	45.1
SRR1039520.23892639	sp|B2RWS6|EP300_MOUSE	100	20	0	0	2	61	1036	1055	8.10e-08	40.4
SRR1039520.23785152	sp|Q9NRY4|RHG35_HUMAN	52.6	19	9	0	6	62	1314	1332	3.90e-04	30.0
SRR1039520.34153807	sp|P08238|HS90B_HUMAN	100	15	0	0	17	61	272	286	2.10e-04	30.8
SRR1039520.13131788	sp|P08238|HS90B_HUMAN	100	20	0	0	2	61	137	156	4.92e-09	43.9
SRR1039520.3566195	sp|P09471|GNAO_HUMAN	70.0	20	6	0	61	2	62	81	1.14e-04	31.6
SRR1039520.12656784	sp|P08238|HS90B_HUMAN	95.2	21	1	0	63	1	603	623	1.81e-08	42.4
SRR1039520.969905	sp|P08238|HS90B_HUMAN	63.2	19	7	0	6	62	368	386	9.09e-06	34.7
SRR1039520.29071174	sp|P08238|HS90B_HUMAN	100	18	0	0	63	10	215	232	3.37e-05	33.1
SRR1039520.18501526	sp|B2RWS6|EP300_MOUSE	90.5	21	2	0	63	1	1270	1290	1.78e-08	42.4
SRR1039520.9880748	sp|B2RWS6|EP300_MOUSE	100	21	0	0	63	1	2294	2314	1.30e-08	42.7
SRR1039520.33926250	sp|P08238|HS90B_HUMAN	90.0	20	2	0	4	63	509	528	7.08e-09	43.5
SRR1039520.103465	sp|P42345|MTOR_HUMAN	100	20	0	0	61	2	1402	1421	6.60e-09	43.5
SRR1039520.17716725	tr|W1PJ14|W1PJ14_AMBTC	84.2	19	3	0	61	5	546	564	6.05e-08	40.8
SRR1039520.8145094	sp|P40763|STAT3_HUMAN	100	21	0	0	63	1	519	539	2.02e-09	45.1
SRR1039520.18713662	sp|Q9UKL3|C8AP2_HUMAN	100	21	0	0	63	1	856	876	9.54e-09	43.1
SRR1039520.21307268	sp|P08238|HS90B_HUMAN	95.0	20	1	0	61	2	278	297	3.22e-08	41.6
SRR1039520.12250545	sp|P51531|SMCA2_HUMAN	100	20	0	0	3	62	984	1003	4.34e-08	41.2
SRR1039520.13529503	sp|B2RWS6|EP300_MOUSE	90.0	20	2	0	61	2	1953	1972	2.55e-06	36.2
SRR1039520.27790919	sp|P08238|HS90B_HUMAN	90.0	20	2	0	62	3	526	545	1.01e-06	37.4
SRR1039520.2887793	sp|Q92831|KAT2B_HUMAN	100	20	0	0	61	2	368	387	8.21e-08	40.4
SRR1039520.34242234	sp|P08238|HS90B_HUMAN	100	20	0	0	3	62	591	610	3.60e-09	44.3
SRR1039520.5126814	sp|Q9NRY4|RHG35_HUMAN	100	20	0	0	3	62	811	830	1.01e-09	45.8
SRR1039520.15052078	sp|P08238|HS90B_HUMAN	82.4	17	3	0	11	61	124	140	3.19e-05	33.1
SRR1039520.13025722	sp|B2RWS6|EP300_MOUSE	90.0	20	2	0	62	3	408	427	1.01e-09	45.8
SRR1039520.33743379	tr|A0A8I3NIH7|A0A8I3NIH7_CANLF	63.2	19	7	0	59	3	393	411	2.89e-04	30.4
SRR1039520.6218848	sp|P08238|HS90B_HUMAN	95.0	20	1	0	62	3	172	191	4.92e-09	43.9
SRR1039520.4948298	sp|P08238|HS90B_HUMAN	100	20	0	0	62	3	313	332	3.60e-09	44.3
SRR1039520.27428581	sp|P08238|HS90B_HUMAN	100	21	0	0	63	1	61	81	1.08e-09	45.8
SRR1039520.21056386	sp|P40763|STAT3_HUMAN	100	20	0	0	3	62	332	351	7.51e-10	46.2
SRR1039520.3048476	tr|W1PJ14|W1PJ14_AMBTC	57.1	21	9	0	1	63	501	521	1.80e-05	33.9
SRR1039520.3162841	tr|W1PJ14|W1PJ14_AMBTC	85.0	20	3	0	61	2	528	547	8.28e-08	40.4
SRR1039520.29000999	tr|A0A670JPT3|A0A670JPT3_PODMU	95.0	20	1	0	62	3	293	312	2.91e-07	38.9
SRR1039520.13837753	tr|A0A8I3NIH7|A0A8I3NIH7_CANLF	76.2	21	5	0	1	63	248	268	1.33e-08	42.7
SRR1039520.12481589	sp|P09471|GNAO_HUMAN	84.2	19	3	0	3	59	47	65	6.79e-06	35.0
SRR1039520.24202594	tr|A0A671F296|A0A671F296_RHIFE	63.2	19	7	0	57	1	57	75	9.81e-06	34.7
SRR1039520.8829989	sp|P08238|HS90B_HUMAN	80.0	20	4	0	2	61	387	406	2.33e-05	33.5
SRR1039520.32932238	sp|P09471|GNAO_HUMAN	70.0	20	6	0	62	3	3	22	9.29e-06	34.7
SRR1039520.4702631	sp|P08238|HS90B_HUMAN	100	14	0	0	2	43	711	724	3.94e-04	30.0
SRR1039520.31939434	sp|P08238|HS90B_HUMAN	100	20	0	0	62	3	42	61	6.02e-08	40.8
SRR1039520.22250998	sp|P40763|STAT3_HUMAN	70.0	20	6	0	62	3	454	473	5.39e-04	29.6
SRR1039520.25866950	tr|W1PJ14|W1PJ14_AMBTC	70.0	20	6	0	60	1	466	485	9.63e-06	34.7
SRR1039520.22507735	tr|A0A7K7ABT8|A0A7K7ABT8_9AVES	100	20	0	0	2	61	81	100	2.02e-12	53.5
SRR1039520.21755461	sp|P08238|HS90B_HUMAN	100	21	0	0	63	1	528	548	2.77e-09	44.7
SRR1039520.10401035	tr|W1PJ14|W1PJ14_AMBTC	85.7	21	3	0	63	1	542	562	3.80e-09	44.3
SRR1039520.31363567	sp|P08238|HS90B_HUMAN	100	20	0	0	2	61	619	638	5.50e-10	46.6
SRR1039520.14593056	sp|P40763|STAT3_HUMAN	100	20	0	0	3	62	203	222	1.01e-06	37.4
SRR1039520.33168805	sp|P08238|HS90B_HUMAN	95.0	20	1	0	3	62	605	624	1.54e-07	39.7
SRR1039520.25362401	sp|Q9NRY4|RHG35_HUMAN	100	20	0	0	3	62	156	175	1.90e-09	45.1
SRR1039520.17296411	sp|P40763|STAT3_HUMAN	100	21	0	0	1	63	748	768	2.76e-09	44.7
SRR1039520.7936730	sp|P08238|HS90B_HUMAN	100	20	0	0	62	3	153	172	7.52e-10	46.2
SRR1039520.15681355	sp|P08238|HS90B_HUMAN	100	21	0	0	1	63	484	504	2.77e-09	44.7
SRR1039520.15873915	sp|P08238|HS90B_HUMAN	100	20	0	0	2	61	326	345	1.26e-08	42.7
SRR1039520.28268116	sp|P08238|HS90B_HUMAN	80.0	20	4	0	61	2	211	230	3.95e-07	38.5
SRR1039520.24873402	sp|P51532|SMCA4_HUMAN	100	21	0	0	1	63	1335	1355	1.07e-09	45.8
SRR1039520.27228768	sp|P08238|HS90B_HUMAN	90.0	20	2	0	2	61	332	351	2.35e-08	42.0
SRR1039520.15141720	sp|Q9UGP4|LIMD1_HUMAN	100	20	0	0	2	61	184	203	9.21e-09	43.1
SRR1039520.5174646	sp|P08238|HS90B_HUMAN	100	20	0	0	3	62	605	624	6.02e-08	40.8
SRR1039520.33856155	sp|Q969H0|FBXW7_HUMAN	100	21	0	0	1	63	269	289	2.03e-09	45.1
SRR1039520.1327561	tr|A0A670JPT3|A0A670JPT3_PODMU	100	20	0	0	61	2	173	192	1.16e-10	48.5
SRR1039520.8250088	sp|P16220|CREB1_HUMAN	85.0	20	3	0	61	2	175	194	3.64e-06	35.8
SRR1039520.32760572	sp|P08238|HS90B_HUMAN	100	20	0	0	2	61	324	343	2.63e-09	44.7
SRR1039520.17612565	sp|P51531|SMCA2_HUMAN	100	20	0	0	3	62	1069	1088	2.32e-08	42.0
SRR1039520.5076765	sp|Q96H86|ZN764_HUMAN	83.3	18	3	0	9	62	38	55	1.03e-06	37.4
SRR1039520.20690363	sp|P08238|HS90B_HUMAN	95.0	20	1	0	62	3	39	58	8.24e-08	40.4
SRR1039520.14298491	tr|W1PJ14|W1PJ14_AMBTC	90.5	21	2	0	63	1	533	553	8.91e-11	48.9
SRR1039520.11396292	sp|P08238|HS90B_HUMAN	65.0	20	7	0	2	61	683	702	2.88e-04	30.4
SRR1039520.15439646	sp|P08238|HS90B_HUMAN	81.0	21	4	0	63	1	548	568	1.62e-04	31.2
SRR1039520.13293981	tr|W1PJ14|W1PJ14_AMBTC	85.0	20	3	0	61	2	538	557	5.42e-07	38.1
SRR1039520.10199025	sp|B2RWS6|EP300_MOUSE	100	20	0	0	3	62	1408	1427	5.92e-08	40.8
SRR1039520.20237413	sp|P08238|HS90B_HUMAN	95.0	20	1	0	2	61	607	626	8.24e-08	40.4
SRR1039520.26148684	sp|P08238|HS90B_HUMAN	90.5	21	2	0	63	1	653	673	1.62e-07	39.7
SRR1039520.32197367	sp|Q9NRY4|RHG35_HUMAN	71.4	21	6	0	63	1	220	240	4.57e-05	32.7
SRR1039520.13486864	sp|P08238|HS90B_HUMAN	100	20	0	0	3	62	82	101	4.40e-08	41.2
SRR1039520.5725304	sp|P08238|HS90B_HUMAN	100	20	0	0	61	2	348	367	6.73e-09	43.5
SRR1039520.19588472	sp|P51531|SMCA2_HUMAN	100	20	0	0	3	62	1479	1498	1.70e-08	42.4
SRR1039520.4578141	tr|A0A670JPT3|A0A670JPT3_PODMU	84.2	19	3	0	3	59	249	267	1.14e-07	40.0
SRR1039520.8489010	sp|O35973|PER1_MOUSE	100	20	0	0	3	62	444	463	2.13e-10	47.8
SRR1039520.28434300	tr|W1PJ14|W1PJ14_AMBTC	63.2	19	7	0	1	57	471	489	4.63e-05	32.7
SRR1039520.17702121	tr|A0A480LKS3|A0A480LKS3_PIG	100	20	0	0	3	62	278	297	5.66e-10	46.6
SRR1039520.3702668	sp|P28704|RXRB_MOUSE	94.1	17	1	0	12	62	114	130	6.03e-05	32.3
SRR1039520.13450029	sp|P09471|GNAO_HUMAN	76.2	21	5	0	1	63	49	69	2.04e-06	36.6
SRR1039520.20432192	sp|P08238|HS90B_HUMAN	75.0	20	5	0	61	2	370	389	1.13e-07	40.0
SRR1039520.26195835	sp|Q15788|NCOA1_HUMAN	100	20	0	0	61	2	1217	1236	3.97e-10	47.0
SRR1039520.11927647	sp|P51532|SMCA4_HUMAN	95.2	21	1	0	1	63	976	996	1.97e-06	36.6
SRR1039520.5516427	tr|W1PJ14|W1PJ14_AMBTC	90.0	20	2	0	62	3	533	552	1.93e-09	45.1
SRR1039520.3013802	sp|P08238|HS90B_HUMAN	85.0	20	3	0	62	3	31	50	1.38e-06	37.0
SRR1039520.24444199	sp|P08238|HS90B_HUMAN	95.0	20	1	0	61	2	85	104	4.40e-08	41.2
SRR1039520.34033043	sp|B2RWS6|EP300_MOUSE	80.0	20	4	0	2	61	1471	1490	5.31e-07	38.1
SRR1039520.24621840	sp|P51531|SMCA2_HUMAN	100	20	0	0	2	61	1032	1051	1.90e-09	45.1
SRR1039520.15642743	sp|Q61026|NCOA2_MOUSE	100	20	0	0	3	62	676	695	4.85e-09	43.9
SRR1039520.34354677	sp|Q9NRY4|RHG35_HUMAN	100	20	0	0	3	62	338	357	4.35e-08	41.2
SRR1039520.33177943	sp|P08238|HS90B_HUMAN	95.2	21	1	0	63	1	135	155	5.18e-09	43.9
SRR1039520.16789576	sp|B2RWS6|EP300_MOUSE	100	20	0	0	61	2	1060	1079	1.89e-09	45.1
SRR1039520.33564106	sp|P40763|STAT3_HUMAN	100	21	0	0	63	1	278	298	1.32e-08	42.7
SRR1039520.15968983	sp|Q15788|NCOA1_HUMAN	100	20	0	0	61	2	329	348	1.55e-10	48.1
SRR1039520.22208114	sp|P42345|MTOR_HUMAN	100	20	0	0	61	2	2201	2220	4.32e-08	41.2
SRR1039520.8871745	tr|A2BGS7|A2BGS7_DANRE	75.0	20	5	0	61	2	110	129	6.87e-06	35.0
SRR1039520.8186596	tr|A0AA88PK51|A0AA88PK51_9TELE	89.5	19	2	0	2	58	1011	1029	4.36e-08	41.2
SRR1039520.30782979	sp|P08238|HS90B_HUMAN	90.0	20	2	0	2	61	351	370	3.22e-08	41.6
SRR1039520.4241592	sp|Q9UGP4|LIMD1_HUMAN	81.0	21	4	0	63	1	525	545	5.19e-09	43.9
SRR1039520.22738748	tr|A0A8I3NIH7|A0A8I3NIH7_CANLF	100	19	0	0	61	5	550	568	2.65e-09	44.7
SRR1039520.15679785	tr|W1PJ14|W1PJ14_AMBTC	85.0	20	3	0	61	2	542	561	1.73e-08	42.4
SRR1039520.11089382	sp|P51532|SMCA4_HUMAN	100	20	0	0	3	62	1480	1499	3.17e-08	41.6
SRR1039520.13248640	sp|Q9NRY4|RHG35_HUMAN	100	18	0	0	9	62	1234	1251	6.64e-09	43.5
SRR1039520.27451227	sp|P08238|HS90B_HUMAN	100	20	0	0	62	3	94	113	1.26e-08	42.7
SRR1039520.32683195	sp|Q9Y692|GMEB1_HUMAN	100	21	0	0	1	63	522	542	1.82e-08	42.4
SRR1039520.22354471	sp|Q92831|KAT2B_HUMAN	100	21	0	0	1	63	125	145	1.32e-08	42.7
SRR1039520.25094201	sp|P09471|GNAO_HUMAN	85.7	21	3	0	63	1	193	213	2.84e-09	44.7
SRR1039520.34555850	sp|Q15788|NCOA1_HUMAN	100	20	0	0	2	61	813	832	1.39e-09	45.4
SRR1039520.13357401	tr|W1PJ14|W1PJ14_AMBTC	65.0	20	7	0	2	61	497	516	1.25e-05	34.3
SRR1039520.33896618	sp|P40763|STAT3_HUMAN	100	21	0	0	63	1	652	672	5.17e-09	43.9
SRR1039520.19569155	sp|P11473|VDR_HUMAN	100	21	0	0	1	63	178	198	7.20e-09	43.5
SRR1039520.11699278	sp|P08238|HS90B_HUMAN	100	19	0	0	61	5	279	297	2.63e-09	44.7
SRR1039520.4386898	sp|P40763|STAT3_HUMAN	100	20	0	0	62	3	135	154	3.94e-07	38.5
SRR1039520.21944222	sp|P08238|HS90B_HUMAN	100	20	0	0	61	2	494	513	9.20e-09	43.1
SRR1039520.4348149	sp|P40763|STAT3_HUMAN	100	21	0	0	63	1	198	218	3.04e-07	38.9
SRR1039520.32769229	sp|P09471|GNAO_HUMAN	80.0	20	4	0	62	3	42	61	7.57e-07	37.7
SRR1039520.20801879	sp|P08238|HS90B_HUMAN	100	21	0	0	63	1	594	614	2.27e-10	47.8
SRR1039520.16003764	sp|P08238|HS90B_HUMAN	85.0	20	3	0	2	61	29	48	1.38e-06	37.0
SRR1039520.22771817	sp|P08238|HS90B_HUMAN	85.0	20	3	0	3	62	650	669	2.59e-06	36.2
SRR1039520.6894752	sp|P09471|GNAO_HUMAN	80.0	20	4	0	60	1	237	256	1.09e-06	37.4
SRR1039520.4886093	sp|P08238|HS90B_HUMAN	100	21	0	0	63	1	103	123	6.35e-08	40.8
SRR1039520.14666203	sp|P08238|HS90B_HUMAN	100	20	0	0	2	61	651	670	7.39e-07	37.7
SRR1039520.18958454	sp|Q92831|KAT2B_HUMAN	100	21	0	0	1	63	662	682	1.46e-06	37.0
SRR1039520.18439054	sp|P20815|CP3A5_HUMAN	90.5	21	2	0	1	63	324	344	4.69e-08	41.2
SRR1039520.11659873	tr|A0A480LKS3|A0A480LKS3_PIG	100	20	0	0	2	61	112	131	3.36e-11	50.1
SRR1039520.13520520	sp|P40763|STAT3_HUMAN	71.4	21	6	0	1	63	13	33	3.04e-07	38.9
SRR1039520.10417555	sp|Q9UGP4|LIMD1_HUMAN	55.0	20	9	0	61	2	613	632	3.55e-06	35.8
SRR1039520.34541512	sp|Q64127|TIF1A_MOUSE	68.8	16	5	0	62	15	905	920	1.11e-04	31.6
SRR1039520.153367	sp|P23771|GATA3_HUMAN	95.2	21	1	0	63	1	304	324	3.09e-07	38.9
SRR1039520.13287705	sp|P08238|HS90B_HUMAN	100	20	0	0	61	2	658	677	9.20e-09	43.1
SRR1039520.4238210	sp|P08238|HS90B_HUMAN	100	20	0	0	61	2	434	453	4.40e-08	41.2
SRR1039520.7424239	tr|A0A670JPT3|A0A670JPT3_PODMU	95.2	21	1	0	63	1	371	391	1.50e-09	45.4
SRR1039520.6223996	sp|P10275|ANDR_HUMAN	100	13	0	0	25	63	1	13	3.03e-04	30.4
SRR1039520.4028402	tr|W1PJ14|W1PJ14_AMBTC	85.7	21	3	0	63	1	540	560	5.20e-09	43.9
SRR1039520.10726451	sp|P40763|STAT3_HUMAN	90.0	20	2	0	3	62	252	271	3.59e-09	44.3
SRR1039520.8837445	sp|P08238|HS90B_HUMAN	100	20	0	0	61	2	348	367	6.73e-09	43.5
SRR1039520.11886929	tr|W1PJ14|W1PJ14_AMBTC	70.0	20	6	0	2	61	494	513	2.34e-05	33.5
SRR1039520.9915216	sp|B2RWS6|EP300_MOUSE	70.0	20	6	0	62	3	557	576	9.95e-07	37.4
SRR1039520.8194639	sp|P09471|GNAO_HUMAN	95.0	20	1	0	3	62	209	228	3.02e-10	47.4
SRR1039520.15599236	sp|P08238|HS90B_HUMAN	90.0	20	2	0	3	62	627	646	6.02e-08	40.8
SRR1039520.31281780	sp|P51531|SMCA2_HUMAN	100	19	0	0	2	58	624	642	2.85e-07	38.9
SRR1039520.30745863	sp|P09471|GNAO_HUMAN	70.0	20	6	0	2	61	58	77	3.26e-05	33.1
SRR1039520.10952020	sp|P08238|HS90B_HUMAN	81.0	21	4	0	63	1	505	525	2.48e-08	42.0
SRR1039520.13303216	tr|W1PJ14|W1PJ14_AMBTC	84.2	19	3	0	63	7	546	564	1.63e-07	39.7
SRR1039520.28756882	sp|P42345|MTOR_HUMAN	100	20	0	0	3	62	2007	2026	3.16e-08	41.6
SRR1039520.3066979	sp|P40763|STAT3_HUMAN	100	20	0	0	3	62	237	256	3.29e-11	50.1
SRR1039520.27966404	sp|P08238|HS90B_HUMAN	100	20	0	0	2	61	631	650	2.35e-08	42.0
SRR1039520.5520159	tr|W1PJ14|W1PJ14_AMBTC	57.1	21	9	0	1	63	501	521	1.80e-05	33.9
SRR1039520.10872648	sp|P08238|HS90B_HUMAN	71.4	21	6	0	63	1	369	389	8.68e-08	40.4
SRR1039520.27558211	sp|P08238|HS90B_HUMAN	95.0	20	1	0	3	62	129	148	8.24e-08	40.4
SRR1039520.18750909	sp|Q9NRY4|RHG35_HUMAN	100	20	0	0	2	61	128	147	1.90e-09	45.1
SRR1039520.29126737	sp|P08238|HS90B_HUMAN	100	20	0	0	61	2	298	317	2.94e-10	47.4
SRR1039520.21236631	sp|Q64127|TIF1A_MOUSE	73.7	19	5	0	2	58	285	303	7.35e-04	29.3
SRR1039520.26942144	sp|P08238|HS90B_HUMAN	75.0	20	5	0	62	3	129	148	3.54e-06	35.8
SRR1039520.22904062	sp|P08238|HS90B_HUMAN	100	20	0	0	2	61	512	531	1.15e-10	48.5
SRR1039520.22242977	sp|Q61026|NCOA2_MOUSE	100	20	0	0	2	61	1091	1110	5.95e-08	40.8
SRR1039520.29248110	sp|P09471|GNAO_HUMAN	95.0	20	1	0	62	3	206	225	5.65e-10	46.6
SRR1039520.872823	sp|P08238|HS90B_HUMAN	95.0	20	1	0	2	61	672	691	1.41e-09	45.4
SRR1039520.31461386	sp|P40763|STAT3_HUMAN	95.2	21	1	0	63	1	389	409	2.22e-07	39.3
SRR1039520.33036903	sp|P08238|HS90B_HUMAN	88.9	18	2	0	62	9	677	694	5.40e-07	38.1
SRR1039520.20958428	sp|P08238|HS90B_HUMAN	100	20	0	0	2	61	588	607	2.41e-11	50.4
SRR1039520.31503236	sp|P51532|SMCA4_HUMAN	58.8	17	7	0	62	12	1036	1052	8.09e-05	32.0
SRR1039520.24697444	tr|A0A480LKS3|A0A480LKS3_PIG	95.0	20	1	0	2	61	22	41	1.42e-06	37.0
SRR1039520.32641420	sp|O43889|CREB3_HUMAN	100	19	0	0	57	1	1	19	7.96e-07	37.7
SRR1039520.14022046	sp|Q92831|KAT2B_HUMAN	85.0	20	3	0	61	2	600	619	1.01e-06	37.4
SRR1039520.13179527	sp|Q9NRY4|RHG35_HUMAN	100	21	0	0	1	63	705	725	2.00e-09	45.1
SRR1039520.472558	sp|P09471|GNAO_HUMAN	90.5	21	2	0	63	1	36	56	4.26e-07	38.5
SRR1039520.1387991	tr|A0A670JPT3|A0A670JPT3_PODMU	85.0	20	3	0	3	62	292	311	1.40e-06	37.0
SRR1039520.9833963	sp|P08238|HS90B_HUMAN	81.0	21	4	0	1	63	75	95	1.19e-07	40.0
SRR1039520.14563473	sp|P08238|HS90B_HUMAN	100	21	0	0	63	1	31	51	5.18e-09	43.9
SRR1039520.33013383	sp|P08238|HS90B_HUMAN	100	20	0	0	3	62	25	44	2.11e-07	39.3
SRR1039520.2755441	tr|W1PJ14|W1PJ14_AMBTC	73.7	19	5	0	5	61	494	512	1.25e-05	34.3
SRR1039520.34189551	sp|P08238|HS90B_HUMAN	100	14	0	0	44	3	272	285	5.40e-04	29.6
SRR1039520.14694960	sp|P08238|HS90B_HUMAN	100	15	0	0	62	18	710	724	4.37e-05	32.7
SRR1039520.31363437	sp|P08238|HS90B_HUMAN	85.0	20	3	0	62	3	58	77	5.40e-07	38.1
SRR1039520.26892173	sp|P01116|RASK_HUMAN	100	21	0	0	1	63	60	80	2.12e-11	50.1
SRR1039520.33284435	sp|P08238|HS90B_HUMAN	90.0	20	2	0	62	3	623	642	8.24e-08	40.4
SRR1039520.15694351	sp|B2RWS6|EP300_MOUSE	85.0	20	3	0	62	3	307	326	7.27e-07	37.7
SRR1039520.7369140	sp|Q9UGP4|LIMD1_HUMAN	90.0	20	2	0	62	3	549	568	2.16e-10	47.8
SRR1039520.14111258	sp|P08238|HS90B_HUMAN	100	20	0	0	3	62	280	299	4.02e-10	47.0
SRR1039520.23784082	sp|P51532|SMCA4_HUMAN	70.0	20	6	0	60	1	964	983	4.56e-05	32.7
SRR1039520.5281256	sp|P08238|HS90B_HUMAN	100	20	0	0	3	62	371	390	1.03e-09	45.8
SRR1039520.18019359	tr|A0A480LKS3|A0A480LKS3_PIG	100	21	0	0	1	63	265	285	3.18e-10	47.4
SRR1039520.176229	sp|P08238|HS90B_HUMAN	100	20	0	0	61	2	275	294	2.94e-10	47.4
SRR1039520.27809032	sp|B2RWS6|EP300_MOUSE	95.0	20	1	0	62	3	1214	1233	1.11e-07	40.0
SRR1039520.13390758	tr|W1PJ14|W1PJ14_AMBTC	70.0	20	6	0	60	1	466	485	9.63e-06	34.7
SRR1039520.19693015	sp|Q15788|NCOA1_HUMAN	100	20	0	0	62	3	720	739	8.14e-08	40.4
SRR1039520.23104497	sp|P28704|RXRB_MOUSE	100	20	0	0	62	3	241	260	4.07e-10	47.0
SRR1039520.25837078	sp|P08238|HS90B_HUMAN	100	20	0	0	62	3	353	372	4.92e-09	43.9
SRR1039520.2138408	sp|Q15788|NCOA1_HUMAN	100	18	0	0	54	1	398	415	1.05e-06	37.4
SRR1039520.33177233	sp|P40763|STAT3_HUMAN	75.0	20	5	0	61	2	453	472	1.12e-04	31.6
SRR1039520.15634419	sp|P08238|HS90B_HUMAN	90.0	20	2	0	3	62	332	351	2.35e-08	42.0
SRR1039520.19163841	tr|W1PJ14|W1PJ14_AMBTC	70.0	20	6	0	60	1	466	485	9.63e-06	34.7
SRR1039520.18345220	sp|Q9NRY4|RHG35_HUMAN	95.0	20	1	0	61	2	1141	1160	1.52e-07	39.7
SRR1039520.30211625	sp|P08238|HS90B_HUMAN	100	20	0	0	1	60	586	605	8.86e-11	48.9
SRR1039520.24652221	sp|P40763|STAT3_HUMAN	100	21	0	0	1	63	329	349	1.65e-10	48.1
SRR1039520.32381033	tr|W1PJ14|W1PJ14_AMBTC	73.7	19	5	0	3	59	492	510	1.25e-05	34.3
SRR1039520.18835793	sp|P51531|SMCA2_HUMAN	100	20	0	0	2	61	1027	1046	5.42e-10	46.6
SRR1039520.24074772	sp|P08238|HS90B_HUMAN	100	20	0	0	3	62	18	37	3.22e-08	41.6
SRR1039520.10418409	tr|W1PJ14|W1PJ14_AMBTC	60.0	20	8	0	61	2	468	487	2.11e-04	30.8
SRR1039520.5618965	sp|B2RWS6|EP300_MOUSE	90.5	21	2	0	63	1	1946	1966	7.67e-07	37.7
SRR1039520.3872692	sp|O43889|CREB3_HUMAN	100	21	0	0	63	1	115	135	6.49e-08	40.8
SRR1039520.23577567	tr|W1PJ14|W1PJ14_AMBTC	85.7	21	3	0	1	63	528	548	1.82e-08	42.4
SRR1039520.5554999	sp|P08238|HS90B_HUMAN	82.4	17	3	0	3	53	708	724	1.24e-05	34.3
SRR1039520.16908766	sp|P51532|SMCA4_HUMAN	72.2	18	5	0	7	60	804	821	6.25e-05	32.3
SRR1039520.21081508	tr|A8QZ77|A8QZ77_MAIZE	75.0	20	5	0	3	62	116	135	4.35e-09	43.5
SRR1039520.682462	tr|W1PJ14|W1PJ14_AMBTC	85.7	21	3	0	63	1	542	562	3.80e-09	44.3
SRR1039520.33230901	sp|Q9UGP4|LIMD1_HUMAN	84.2	19	3	0	5	61	588	606	2.89e-07	38.9
SRR1039520.13779257	sp|P09471|GNAO_HUMAN	85.7	21	3	0	63	1	185	205	5.31e-09	43.9
SRR1039520.13855353	sp|P08238|HS90B_HUMAN	100	21	0	0	63	1	382	402	2.48e-08	42.0
SRR1039520.31973060	sp|P40763|STAT3_HUMAN	70.0	20	6	0	61	2	11	30	2.59e-06	36.2
SRR1039520.15610819	sp|P08238|HS90B_HUMAN	63.2	19	7	0	59	3	368	386	9.09e-06	34.7
SRR1039520.28821998	sp|P51532|SMCA4_HUMAN	100	20	0	0	62	3	803	822	2.12e-10	47.8
SRR1039520.1868058	sp|P08238|HS90B_HUMAN	100	20	0	0	3	62	573	592	6.73e-09	43.5
SRR1039520.15384815	sp|P10275|ANDR_HUMAN	85.0	20	3	0	3	62	572	591	1.25e-08	42.7
SRR1039520.26416076	sp|Q9UGP4|LIMD1_HUMAN	70.0	20	6	0	62	3	544	563	8.25e-08	40.4
SRR1039520.20710152	sp|P08238|HS90B_HUMAN	90.5	21	2	0	1	63	634	654	4.16e-07	38.5
SRR1039520.23973450	sp|P08238|HS90B_HUMAN	100	20	0	0	3	62	627	646	6.73e-09	43.5
SRR1039520.1963347	tr|A0A8I3NIH7|A0A8I3NIH7_CANLF	100	20	0	0	3	62	534	553	1.16e-10	48.5
SRR1039520.24147746	sp|P09471|GNAO_HUMAN	66.7	18	6	0	8	61	195	212	6.79e-06	35.0
SRR1039520.24420703	sp|P09471|GNAO_HUMAN	95.0	20	1	0	61	2	201	220	1.62e-10	48.1
SRR1039520.2159358	tr|W1PJ14|W1PJ14_AMBTC	70.0	20	6	0	61	2	466	485	6.67e-06	35.0
SRR1039520.30564266	sp|P08238|HS90B_HUMAN	100	20	0	0	3	62	457	476	1.26e-08	42.7
SRR1039520.25287744	sp|P51532|SMCA4_HUMAN	68.4	19	6	0	61	5	1035	1053	9.98e-07	37.4
SRR1039520.30237069	sp|P51531|SMCA2_HUMAN	100	20	0	0	3	62	1326	1345	2.08e-07	39.3
SRR1039520.34215370	sp|Q9NRY4|RHG35_HUMAN	100	20	0	0	62	3	86	105	2.90e-10	47.4
SRR1039520.4686676	sp|P40763|STAT3_HUMAN	100	21	0	0	1	63	379	399	1.08e-09	45.8
SRR1039520.16484157	tr|W1PJ14|W1PJ14_AMBTC	89.5	19	2	0	58	2	542	560	2.36e-08	42.0
SRR1039520.31451899	sp|P40763|STAT3_HUMAN	100	20	0	0	2	61	20	39	5.49e-10	46.6
SRR1039520.16310671	sp|P08238|HS90B_HUMAN	95.0	20	1	0	61	2	671	690	2.63e-09	44.7
SRR1039520.19187917	sp|P51532|SMCA4_HUMAN	65.0	20	7	0	2	61	964	983	8.09e-05	32.0
SRR1039520.34122609	sp|P51532|SMCA4_HUMAN	94.4	18	1	0	63	10	1295	1312	2.70e-06	36.2
SRR1039520.28079524	sp|P10275|ANDR_HUMAN	78.9	19	4	0	62	6	725	743	4.38e-08	41.2
SRR1039520.7695495	sp|P08238|HS90B_HUMAN	100	20	0	0	3	62	116	135	2.35e-08	42.0
SRR1039520.32420797	sp|P08238|HS90B_HUMAN	100	20	0	0	61	2	396	415	1.54e-07	39.7
SRR1039520.7944604	sp|P40763|STAT3_HUMAN	100	20	0	0	3	62	261	280	6.01e-08	40.8
SRR1039520.9637268	tr|A0A8I3NIH7|A0A8I3NIH7_CANLF	100	20	0	0	3	62	226	245	1.78e-11	50.8
SRR1039520.28942721	sp|P08238|HS90B_HUMAN	81.0	21	4	0	1	63	209	229	6.35e-08	40.8
SRR1039520.28669499	tr|W1PJ14|W1PJ14_AMBTC	70.0	20	6	0	62	3	494	513	2.34e-05	33.5
SRR1039520.28868424	sp|Q9NRY4|RHG35_HUMAN	100	21	0	0	63	1	1398	1418	6.39e-11	49.3
SRR1039520.6100185	sp|P09471|GNAO_HUMAN	76.2	21	5	0	1	63	131	151	1.36e-08	42.7
SRR1039520.8881443	sp|P09471|GNAO_HUMAN	80.0	20	4	0	61	2	282	301	6.18e-08	40.8
SRR1039520.9296032	sp|P51532|SMCA4_HUMAN	80.0	20	4	0	61	2	1171	1190	1.11e-07	40.0
SRR1039520.20901340	sp|P40763|STAT3_HUMAN	100	21	0	0	63	1	261	281	1.32e-08	42.7
SRR1039520.30888085	sp|Q61026|NCOA2_MOUSE	94.7	19	1	0	57	1	1002	1020	1.17e-07	40.0
SRR1039520.1570215	sp|Q9NRY4|RHG35_HUMAN	100	20	0	0	61	2	501	520	2.32e-08	42.0
SRR1039520.21836251	sp|P10275|ANDR_HUMAN	75.0	20	5	0	3	62	714	733	8.19e-08	40.4
SRR1039520.4576643	tr|W1PJ14|W1PJ14_AMBTC	66.7	21	7	0	1	63	493	513	5.14e-06	35.4
SRR1039520.5767276	sp|P40763|STAT3_HUMAN	100	20	0	0	2	61	537	556	2.41e-11	50.4
SRR1039520.22720865	sp|P08238|HS90B_HUMAN	90.0	20	2	0	61	2	512	531	1.26e-08	42.7
SRR1039520.1536871	sp|P08238|HS90B_HUMAN	90.0	20	2	0	62	3	615	634	3.22e-08	41.6
SRR1039520.4371870	sp|P08238|HS90B_HUMAN	100	21	0	0	63	1	276	296	2.54e-11	50.4
SRR1039520.25821944	sp|P08238|HS90B_HUMAN	100	20	0	0	2	61	678	697	9.20e-09	43.1
SRR1039520.3266601	sp|Q92831|KAT2B_HUMAN	100	20	0	0	62	3	308	327	5.38e-07	38.1
SRR1039520.10363442	sp|Q90417|RXRBB_DANRE	55.0	20	9	0	3	62	399	418	7.49e-04	29.3
SRR1039520.13048426	sp|P08238|HS90B_HUMAN	100	20	0	0	61	2	483	502	1.26e-08	42.7
SRR1039520.7941422	sp|P40763|STAT3_HUMAN	100	21	0	0	63	1	93	113	2.26e-10	47.8
SRR1039520.23405757	sp|P08238|HS90B_HUMAN	85.0	20	3	0	2	61	78	97	7.39e-07	37.7
SRR1039520.13897782	sp|P40763|STAT3_HUMAN	100	21	0	0	1	63	156	176	1.48e-09	45.4
SRR1039520.15703630	sp|P08238|HS90B_HUMAN	100	20	0	0	2	61	355	374	5.50e-10	46.6
SRR1039520.30576571	sp|P42345|MTOR_HUMAN	100	20	0	0	62	3	1749	1768	2.89e-10	47.4
SRR1039520.7518038	tr|W1PJ14|W1PJ14_AMBTC	85.7	21	3	0	63	1	539	559	7.12e-09	43.5
SRR1039520.32370150	sp|P08238|HS90B_HUMAN	100	20	0	0	3	62	149	168	1.03e-09	45.8
SRR1039520.34556442	sp|P08238|HS90B_HUMAN	100	20	0	0	2	61	465	484	1.54e-07	39.7
SRR1039520.11470114	sp|P08238|HS90B_HUMAN	100	21	0	0	63	1	127	147	3.79e-09	44.3
SRR1039520.26138024	tr|A0A480LKS3|A0A480LKS3_PIG	100	21	0	0	63	1	196	216	2.08e-09	45.1
SRR1039520.2971220	sp|P08238|HS90B_HUMAN	100	20	0	0	3	62	161	180	1.92e-09	45.1
SRR1039520.19408615	sp|P51531|SMCA2_HUMAN	100	20	0	0	3	62	357	376	6.63e-09	43.5
SRR1039520.25035747	tr|W1PJ14|W1PJ14_AMBTC	52.4	21	10	0	1	63	500	520	6.34e-05	32.3
SRR1039520.18939402	sp|P40763|STAT3_HUMAN	100	20	0	0	61	2	541	560	2.41e-11	50.4
SRR1039520.10230263	sp|P51532|SMCA4_HUMAN	85.0	20	3	0	4	63	1152	1171	5.62e-07	38.1
SRR1039520.27648627	sp|P40763|STAT3_HUMAN	100	20	0	0	62	3	332	351	7.51e-10	46.2
SRR1039520.11565858	sp|P09471|GNAO_HUMAN	90.0	20	2	0	2	61	253	272	8.45e-08	40.4
SRR1039520.31489040	tr|A8QZ73|A8QZ73_MAIZE	80.0	20	4	0	2	61	114	133	3.21e-09	43.9
SRR1039520.16621039	sp|P08238|HS90B_HUMAN	85.0	20	3	0	3	62	578	597	3.95e-07	38.5
SRR1039520.31303467	tr|A0A480LKS3|A0A480LKS3_PIG	100	19	0	0	62	6	305	323	1.45e-09	45.4
SRR1039520.5357855	tr|W1PJ14|W1PJ14_AMBTC	83.3	18	3	0	61	8	547	564	2.90e-07	38.9
SRR1039520.11394861	tr|A0AA88PK51|A0AA88PK51_9TELE	68.4	19	6	0	6	62	1061	1079	2.31e-05	33.5
SRR1039520.20415501	sp|P09471|GNAO_HUMAN	95.0	20	1	0	2	61	177	196	2.41e-08	42.0
SRR1039520.1593198	sp|P08238|HS90B_HUMAN	100	20	0	0	3	62	364	383	5.50e-10	46.6
SRR1039520.8155390	sp|P09471|GNAO_HUMAN	78.9	19	4	0	62	6	206	224	5.53e-07	38.1
SRR1039520.33962725	tr|W1PJ14|W1PJ14_AMBTC	68.4	19	6	0	62	6	467	485	8.22e-05	32.0
SRR1039520.8911117	sp|Q9NRY4|RHG35_HUMAN	76.2	21	5	0	63	1	1140	1160	5.06e-06	35.4
SRR1039520.11741981	sp|Q9NRY4|RHG35_HUMAN	73.7	19	5	0	58	2	1317	1335	7.30e-07	37.7
SRR1039520.26954534	sp|Q92993|KAT5_HUMAN	100	21	0	0	63	1	272	292	1.00e-11	51.6
SRR1039520.11674233	sp|P51531|SMCA2_HUMAN	100	20	0	0	62	3	94	113	3.55e-09	44.3
SRR1039520.30750380	sp|P08238|HS90B_HUMAN	90.5	21	2	0	1	63	181	201	2.48e-08	42.0
SRR1039520.16771732	sp|P51532|SMCA4_HUMAN	86.4	22	2	1	63	1	1467	1488	3.70e-06	35.8
SRR1039520.31659011	tr|W1PJ14|W1PJ14_AMBTC	85.7	21	3	0	63	1	538	558	8.72e-08	40.4
SRR1039520.26343396	sp|P08238|HS90B_HUMAN	85.0	20	3	0	2	61	650	669	2.59e-06	36.2
SRR1039520.28557496	sp|P40763|STAT3_HUMAN	100	21	0	0	63	1	214	234	1.81e-08	42.4
SRR1039520.6804531	sp|P42345|MTOR_HUMAN	100	20	0	0	3	62	849	868	1.89e-09	45.1
SRR1039520.26269668	tr|W1PJ14|W1PJ14_AMBTC	85.0	20	3	0	61	2	538	557	5.42e-07	38.1
SRR1039520.30704905	sp|P08238|HS90B_HUMAN	95.0	20	1	0	3	62	321	340	6.73e-09	43.5
SRR1039520.13584341	tr|W1PJ14|W1PJ14_AMBTC	70.0	20	6	0	3	62	466	485	6.67e-06	35.0
SRR1039520.8091810	sp|P08238|HS90B_HUMAN	95.0	20	1	0	2	61	138	157	3.60e-09	44.3
SRR1039520.11549501	sp|P08238|HS90B_HUMAN	95.0	20	1	0	3	62	113	132	3.95e-07	38.5
SRR1039520.28313047	tr|A0A480LKS3|A0A480LKS3_PIG	100	20	0	0	3	62	72	91	1.77e-08	42.4
SRR1039520.6565973	sp|P08238|HS90B_HUMAN	90.0	20	2	0	2	61	42	61	4.85e-06	35.4
SRR1039520.9663567	sp|Q9NRY4|RHG35_HUMAN	100	20	0	0	2	61	1205	1224	3.55e-09	44.3
SRR1039520.15659697	sp|O43889|CREB3_HUMAN	100	20	0	0	2	61	14	33	5.04e-09	43.9
SRR1039520.6483010	tr|W1PJ14|W1PJ14_AMBTC	88.2	17	2	0	52	2	528	544	1.39e-06	37.0
SRR1039520.32362146	tr|W1PJ14|W1PJ14_AMBTC	70.0	20	6	0	61	2	494	513	2.34e-05	33.5
SRR1039520.27421199	sp|P42345|MTOR_HUMAN	100	20	0	0	62	3	928	947	1.01e-09	45.8
SRR1039520.8687299	sp|P01116|RASK_HUMAN	65.0	20	7	0	2	61	5	24	3.27e-05	33.1
SRR1039520.10015857	tr|W1PJ14|W1PJ14_AMBTC	83.3	18	3	0	61	8	547	564	2.90e-07	38.9
SRR1039520.21673680	sp|P08238|HS90B_HUMAN	95.2	21	1	0	1	63	609	629	3.79e-09	44.3
SRR1039520.11983268	tr|A0A480LKS3|A0A480LKS3_PIG	100	20	0	0	62	3	130	149	1.98e-09	45.1
SRR1039520.24859247	sp|P08238|HS90B_HUMAN	100	20	0	0	61	2	530	549	3.22e-08	41.6
SRR1039520.27977187	sp|P09471|GNAO_HUMAN	75.0	20	5	0	3	62	209	228	1.16e-07	40.0
SRR1039520.3417214	sp|P08238|HS90B_HUMAN	75.0	20	5	0	62	3	564	583	6.64e-06	35.0
SRR1039520.5355164	tr|A0A212CGZ6|A0A212CGZ6_CEREH	81.0	21	4	0	63	1	25	45	1.70e-10	48.1
SRR1039520.9725807	sp|O43889|CREB3_HUMAN	100	20	0	0	2	61	23	42	2.70e-09	44.7
SRR1039520.7850351	sp|Q64127|TIF1A_MOUSE	71.4	21	6	0	1	63	933	953	4.13e-07	38.5
SRR1039520.7775535	sp|Q925J9|MED1_MOUSE	90.5	21	2	0	1	63	841	861	4.58e-08	41.2
SRR1039520.1550767	tr|A0A212CGZ6|A0A212CGZ6_CEREH	80.0	20	4	0	60	1	22	41	1.52e-09	45.4
SRR1039520.15533595	sp|P51532|SMCA4_HUMAN	100	20	0	0	3	62	522	541	8.12e-08	40.4
SRR1039520.17842722	sp|P08238|HS90B_HUMAN	100	20	0	0	61	2	440	459	2.63e-09	44.7
SRR1039520.23070049	sp|P08238|HS90B_HUMAN	100	21	0	0	63	1	565	585	8.68e-08	40.4
SRR1039520.25741606	tr|A0A665TFT5|A0A665TFT5_ECHNA	60.0	20	8	0	60	1	391	410	7.91e-04	29.3
SRR1039520.29041699	sp|P51532|SMCA4_HUMAN	100	21	0	0	1	63	74	94	1.46e-09	45.4
SRR1039520.25733577	sp|P09471|GNAO_HUMAN	80.0	20	4	0	62	3	278	297	2.16e-07	39.3
SRR1039520.2196123	sp|P08238|HS90B_HUMAN	100	20	0	0	61	2	389	408	3.95e-07	38.5
SRR1039520.31092251	tr|A0A480LKS3|A0A480LKS3_PIG	100	21	0	0	1	63	30	50	1.36e-08	42.7
SRR1039520.8934533	sp|P08238|HS90B_HUMAN	100	20	0	0	3	62	403	422	1.72e-08	42.4
SRR1039520.20021768	sp|O43889|CREB3_HUMAN	100	20	0	0	3	62	19	38	5.64e-10	46.6
SRR1039520.27160855	sp|P51532|SMCA4_HUMAN	76.2	21	5	0	63	1	593	613	4.56e-05	32.7
SRR1039520.26660124	sp|P08238|HS90B_HUMAN	100	21	0	0	63	1	199	219	3.10e-10	47.4
SRR1039520.27413065	sp|Q9NRY4|RHG35_HUMAN	57.9	19	8	0	58	2	1317	1335	7.32e-04	29.3
SRR1039520.17991631	sp|P40763|STAT3_HUMAN	65.0	20	7	0	2	61	471	490	1.38e-06	37.0
SRR1039520.15595836	sp|P08238|HS90B_HUMAN	100	20	0	0	3	62	306	325	1.15e-10	48.5
SRR1039520.31114150	sp|B2RWS6|EP300_MOUSE	95.0	20	1	0	3	62	2152	2171	4.78e-06	35.4
SRR1039520.29537530	sp|P28704|RXRB_MOUSE	100	20	0	0	2	61	416	435	1.94e-09	45.1
SRR1039520.1830118	sp|Q9NRY4|RHG35_HUMAN	57.9	19	8	0	2	58	179	197	2.08e-04	30.8
SRR1039520.9423145	sp|P09471|GNAO_HUMAN	52.4	21	10	0	63	1	190	210	4.25e-04	30.0
SRR1039520.20005803	sp|P09471|GNAO_HUMAN	93.3	15	1	0	47	3	35	49	2.14e-04	30.8
SRR1039520.11953769	tr|W1PJ14|W1PJ14_AMBTC	90.5	21	2	0	63	1	533	553	8.91e-11	48.9
SRR1039520.21865876	sp|Q9UGP4|LIMD1_HUMAN	50.0	20	10	0	62	3	606	625	1.54e-04	31.2
SRR1039520.3314928	sp|P08238|HS90B_HUMAN	100	20	0	0	61	2	413	432	6.02e-08	40.8
SRR1039520.20841688	sp|P40763|STAT3_HUMAN	100	20	0	0	62	3	717	736	6.72e-09	43.5
SRR1039520.1654976	sp|P08238|HS90B_HUMAN	100	19	0	0	61	5	279	297	2.63e-09	44.7
SRR1039520.19969729	tr|A0AAW1ANN7|A0AAW1ANN7_CROAD	65.0	20	7	0	4	63	129	148	8.75e-05	32.0
SRR1039520.21330660	sp|P40763|STAT3_HUMAN	47.4	19	10	0	2	58	559	577	1.53e-04	31.2
SRR1039520.4683297	sp|P08238|HS90B_HUMAN	90.5	21	2	0	1	63	400	420	5.69e-07	38.1
SRR1039520.6534454	sp|P19793|RXRA_HUMAN	100	20	0	0	61	2	70	89	1.28e-08	42.7
