SRR1039508.40069	sp|O35973|PER1_MOUSE	88.9	18	2	0	55	2	906	923	2.08e-04	30.8
SRR1039508.106918	sp|O35973|PER1_MOUSE	100	20	0	0	3	62	337	356	7.43e-10	46.2
SRR1039508.589773	sp|O35973|PER1_MOUSE	100	20	0	0	62	3	695	714	2.33e-08	42.0
SRR1039508.734843	sp|O35973|PER1_MOUSE	95.0	20	1	0	62	3	293	312	4.86e-09	43.9
SRR1039508.1099746	sp|O35973|PER1_MOUSE	100	20	0	0	61	2	1215	1234	4.86e-09	43.9
SRR1039508.1504350	sp|O35973|PER1_MOUSE	95.2	21	1	0	63	1	489	509	1.79e-08	42.4
SRR1039508.1572601	tr|C0ITM0|C0ITM0_DANRE	73.7	19	5	0	62	6	311	329	1.93e-06	36.6
SRR1039508.1619008	sp|O35973|PER1_MOUSE	100	16	0	0	15	62	223	238	2.31e-05	33.5
SRR1039508.1753648	sp|O35973|PER1_MOUSE	100	21	0	0	1	63	159	179	1.31e-08	42.7
SRR1039508.1765782	sp|O35973|PER1_MOUSE	95.0	20	1	0	3	62	213	232	1.53e-07	39.7
SRR1039508.2195457	sp|O35973|PER1_MOUSE	100	21	0	0	63	1	131	151	3.36e-08	41.6
SRR1039508.2332434	tr|A2BGS7|A2BGS7_DANRE	82.4	17	3	0	61	11	113	129	9.41e-06	34.7
SRR1039508.2378300	sp|O35973|PER1_MOUSE	90.0	20	2	0	61	2	14	33	2.09e-07	39.3
SRR1039508.2553001	sp|O35973|PER1_MOUSE	88.9	18	2	0	1	54	581	598	3.01e-07	38.9
SRR1039508.2846999	sp|O35973|PER1_MOUSE	95.0	20	1	0	2	61	1121	1140	1.70e-08	42.4
SRR1039508.3029756	sp|O35973|PER1_MOUSE	100	20	0	0	2	61	298	317	9.33e-12	51.6
SRR1039508.3114255	sp|O35973|PER1_MOUSE	100	21	0	0	63	1	86	106	1.78e-05	33.9
SRR1039508.3186860	sp|O35973|PER1_MOUSE	95.0	20	1	0	61	2	439	458	3.55e-09	44.3
SRR1039508.3239450	sp|O35973|PER1_MOUSE	100	21	0	0	63	1	109	129	1.98e-06	36.6
SRR1039508.3428881	sp|O35973|PER1_MOUSE	90.0	20	2	0	61	2	273	292	1.24e-08	42.7
SRR1039508.3603834	sp|O35973|PER1_MOUSE	100	20	0	0	2	61	440	459	1.74e-11	50.8
SRR1039508.3796121	sp|O35973|PER1_MOUSE	95.2	21	1	0	63	1	229	249	3.74e-09	44.3
SRR1039508.3842570	sp|O35973|PER1_MOUSE	100	20	0	0	62	3	448	467	1.02e-09	45.8
SRR1039508.3967450	sp|P43354|NR4A2_HUMAN	55.0	20	9	0	60	1	399	418	1.63e-04	31.2
SRR1039508.4051187	sp|O35973|PER1_MOUSE	80.0	20	4	0	3	62	983	1002	6.58e-06	35.0
SRR1039508.4289351	sp|O35973|PER1_MOUSE	95.2	21	1	0	63	1	784	804	9.58e-09	43.1
SRR1039508.4727414	sp|O35973|PER1_MOUSE	95.2	21	1	0	1	63	228	248	5.12e-09	43.9
SRR1039508.4791859	sp|O35973|PER1_MOUSE	100	20	0	0	62	3	127	146	1.87e-06	36.6
SRR1039508.4887787	sp|O35973|PER1_MOUSE	100	20	0	0	3	62	219	238	8.15e-08	40.4
SRR1039508.4909942	sp|O35973|PER1_MOUSE	85.7	21	3	0	1	63	614	634	2.20e-07	39.3
SRR1039508.5245653	sp|O35973|PER1_MOUSE	95.0	20	1	0	62	3	1181	1200	6.65e-09	43.5
SRR1039508.5614958	sp|O35973|PER1_MOUSE	100	20	0	0	62	3	100	119	1.11e-07	40.0
SRR1039508.5703628	sp|O35973|PER1_MOUSE	100	20	0	0	3	62	312	331	1.02e-09	45.8
SRR1039508.5929389	sp|O35973|PER1_MOUSE	100	20	0	0	3	62	312	331	1.02e-09	45.8
SRR1039508.5940404	sp|O35973|PER1_MOUSE	100	17	0	0	61	11	735	751	7.31e-07	37.7
SRR1039508.6112922	sp|O35973|PER1_MOUSE	100	20	0	0	61	2	416	435	4.45e-11	49.7
SRR1039508.6643335	sp|O35973|PER1_MOUSE	100	18	0	0	61	8	1218	1235	1.53e-07	39.7
SRR1039508.6680587	sp|O35973|PER1_MOUSE	100	19	0	0	5	61	963	981	4.86e-09	43.9
SRR1039508.7233591	sp|P43354|NR4A2_HUMAN	100	20	0	0	2	61	297	316	6.20e-11	49.3
SRR1039508.7517197	sp|O35973|PER1_MOUSE	100	20	0	0	61	2	1033	1052	1.37e-06	37.0
SRR1039508.7811018	sp|O35973|PER1_MOUSE	94.7	19	1	0	62	6	874	892	2.33e-08	42.0
SRR1039508.8158678	sp|O35973|PER1_MOUSE	95.0	20	1	0	61	2	189	208	2.60e-09	44.7
SRR1039508.8206242	sp|O35973|PER1_MOUSE	95.0	20	1	0	3	62	1115	1134	6.65e-09	43.5
SRR1039508.8274643	sp|O35973|PER1_MOUSE	100	21	0	0	63	1	533	553	2.51e-11	50.4
SRR1039508.8384936	sp|O35973|PER1_MOUSE	95.2	21	1	0	1	63	471	491	1.79e-08	42.4
SRR1039508.8627497	sp|O35973|PER1_MOUSE	100	20	0	0	2	61	195	214	1.70e-08	42.4
SRR1039508.9156891	sp|O35973|PER1_MOUSE	100	20	0	0	3	62	75	94	1.37e-06	37.0
SRR1039508.9190004	sp|O35973|PER1_MOUSE	95.2	21	1	0	63	1	5	25	2.00e-09	45.1
SRR1039508.9276532	sp|O35973|PER1_MOUSE	85.7	21	3	0	1	63	1198	1218	7.01e-09	43.5
SRR1039508.9384601	sp|O35973|PER1_MOUSE	100	21	0	0	1	63	388	408	3.74e-09	44.3
SRR1039508.9872238	sp|O35973|PER1_MOUSE	95.2	21	1	0	63	1	628	648	3.06e-10	47.4
SRR1039508.9987399	sp|O35973|PER1_MOUSE	80.0	20	4	0	2	61	500	519	1.87e-06	36.6
SRR1039508.9995073	sp|O35973|PER1_MOUSE	95.0	20	1	0	2	61	371	390	4.86e-09	43.9
SRR1039508.10056553	sp|O35973|PER1_MOUSE	100	21	0	0	63	1	132	152	2.45e-08	42.0
SRR1039508.10120305	sp|O35973|PER1_MOUSE	90.0	20	2	0	2	61	1149	1168	1.23e-05	34.3
SRR1039508.10442956	sp|O35973|PER1_MOUSE	95.0	20	1	0	3	62	1188	1207	9.09e-09	43.1
SRR1039508.10595426	sp|O35973|PER1_MOUSE	95.2	21	1	0	63	1	24	44	9.58e-09	43.1
SRR1039508.10782514	sp|O35973|PER1_MOUSE	95.0	20	1	0	2	61	911	930	1.53e-07	39.7
SRR1039508.11010411	sp|O35973|PER1_MOUSE	95.0	20	1	0	2	61	1117	1136	6.65e-09	43.5
SRR1039508.11175251	sp|O35973|PER1_MOUSE	100	20	0	0	62	3	1177	1196	3.55e-09	44.3
SRR1039508.11711014	sp|O35973|PER1_MOUSE	84.2	19	3	0	5	61	1015	1033	7.33e-04	29.3
SRR1039508.11905959	sp|O35973|PER1_MOUSE	90.0	20	2	0	3	62	515	534	7.31e-07	37.7
SRR1039508.12040710	sp|O35973|PER1_MOUSE	100	21	0	0	63	1	1165	1185	7.01e-09	43.5
SRR1039508.12159298	sp|O35973|PER1_MOUSE	83.3	18	3	0	61	8	560	577	8.11e-05	32.0
SRR1039508.12399762	sp|P43354|NR4A2_HUMAN	92.3	13	1	0	63	25	586	598	4.18e-04	30.0
SRR1039508.12429087	sp|O35973|PER1_MOUSE	95.2	21	1	0	1	63	548	568	1.46e-09	45.4
SRR1039508.12657299	sp|O35973|PER1_MOUSE	94.4	18	1	0	62	9	636	653	4.35e-08	41.2
SRR1039508.12659561	sp|O35973|PER1_MOUSE	100	20	0	0	62	3	170	189	1.90e-09	45.1
SRR1039508.13371764	sp|O35973|PER1_MOUSE	95.2	21	1	0	63	1	288	308	4.69e-11	49.7
SRR1039508.13968777	sp|O35973|PER1_MOUSE	100	21	0	0	63	1	540	560	2.51e-11	50.4
SRR1039508.14321591	sp|O35973|PER1_MOUSE	93.8	16	1	0	3	50	877	892	4.80e-06	35.4
SRR1039508.14458968	sp|O35973|PER1_MOUSE	100	19	0	0	59	3	69	87	2.31e-05	33.5
SRR1039508.14702569	sp|O35973|PER1_MOUSE	95.0	20	1	0	2	61	683	702	2.85e-07	38.9
SRR1039508.14737875	sp|O35973|PER1_MOUSE	95.0	20	1	0	3	62	258	277	4.86e-09	43.9
SRR1039508.14872308	sp|O35973|PER1_MOUSE	100	21	0	0	63	1	365	385	1.20e-10	48.5
SRR1039508.14997852	sp|O35973|PER1_MOUSE	95.0	20	1	0	2	61	364	383	2.13e-10	47.8
SRR1039508.15483051	sp|O35973|PER1_MOUSE	95.0	20	1	0	61	2	96	115	2.56e-06	36.2
SRR1039508.15967094	sp|O35973|PER1_MOUSE	90.5	21	2	0	63	1	1150	1170	1.45e-06	37.0
SRR1039508.15978329	sp|O35973|PER1_MOUSE	100	21	0	0	1	63	458	478	5.72e-10	46.6
SRR1039508.15983019	sp|O35973|PER1_MOUSE	88.9	18	2	0	55	2	818	835	3.18e-08	41.6
SRR1039508.16451933	sp|O35973|PER1_MOUSE	90.0	20	2	0	1	60	797	816	1.61e-07	39.7
SRR1039508.16632036	sp|O35973|PER1_MOUSE	95.0	20	1	0	61	2	129	148	3.51e-06	35.8
SRR1039508.16685225	sp|O35973|PER1_MOUSE	85.7	21	3	0	1	63	1135	1155	1.45e-06	37.0
SRR1039508.16792730	sp|O35973|PER1_MOUSE	80.0	20	4	0	3	62	676	695	4.33e-05	32.7
SRR1039508.16890469	sp|O35973|PER1_MOUSE	95.0	20	1	0	2	61	543	562	3.55e-09	44.3
SRR1039508.17000721	sp|O35973|PER1_MOUSE	90.0	20	2	0	2	61	1116	1135	2.33e-08	42.0
SRR1039508.17182960	sp|O35973|PER1_MOUSE	95.0	20	1	0	62	3	1215	1234	9.09e-09	43.1
SRR1039508.17436178	sp|O35973|PER1_MOUSE	95.2	21	1	0	1	63	870	890	4.59e-08	41.2
SRR1039508.17463518	sp|O35973|PER1_MOUSE	90.5	21	2	0	63	1	628	648	2.00e-09	45.1
SRR1039508.17735177	sp|P43354|NR4A2_HUMAN	81.0	21	4	0	63	1	566	586	1.07e-06	37.4
SRR1039508.17812574	sp|O35973|PER1_MOUSE	95.0	20	1	0	61	2	714	733	1.00e-06	37.4
SRR1039508.17839133	sp|O35973|PER1_MOUSE	90.0	20	2	0	3	62	786	805	2.09e-07	39.3
SRR1039508.18278312	sp|O35973|PER1_MOUSE	95.0	20	1	0	62	3	1169	1188	5.96e-08	40.8
SRR1039508.18484177	sp|O35973|PER1_MOUSE	100	14	0	0	63	22	1222	1235	1.61e-04	31.2
SRR1039508.18660012	sp|O35973|PER1_MOUSE	95.0	20	1	0	2	61	383	402	2.60e-09	44.7
SRR1039508.18754007	sp|O35973|PER1_MOUSE	100	20	0	0	62	3	1033	1052	1.37e-06	37.0
SRR1039508.18808233	sp|P43354|NR4A2_HUMAN	75.0	20	5	0	2	61	471	490	6.05e-08	40.8
SRR1039508.19160094	sp|P43354|NR4A2_HUMAN	85.7	21	3	0	1	63	429	449	5.14e-06	35.4
SRR1039508.19160575	sp|O35973|PER1_MOUSE	90.5	21	2	0	1	63	618	638	7.01e-09	43.5
SRR1039508.19172363	sp|P43354|NR4A2_HUMAN	95.2	21	1	0	63	1	315	335	2.28e-10	47.8
SRR1039508.19545725	sp|O35973|PER1_MOUSE	100	21	0	0	63	1	1086	1106	7.72e-07	37.7
SRR1039508.20147268	sp|O35973|PER1_MOUSE	100	21	0	0	1	63	363	383	3.43e-11	50.1
SRR1039508.20378201	sp|O35973|PER1_MOUSE	95.0	20	1	0	3	62	197	216	2.09e-07	39.3
SRR1039508.20609968	sp|O35973|PER1_MOUSE	95.0	20	1	0	3	62	483	502	4.35e-08	41.2
SRR1039508.20741180	sp|O35973|PER1_MOUSE	100	21	0	0	63	1	772	792	1.46e-09	45.4
SRR1039508.20937012	sp|O35973|PER1_MOUSE	95.2	21	1	0	1	63	1213	1233	2.74e-09	44.7
SRR1039508.21009116	sp|O35973|PER1_MOUSE	100	21	0	0	1	63	522	542	4.59e-08	41.2
SRR1039508.21041575	sp|P43354|NR4A2_HUMAN	63.2	19	7	0	61	5	482	500	8.22e-05	32.0
SRR1039508.21147348	sp|O35973|PER1_MOUSE	100	20	0	0	2	61	1038	1057	3.91e-07	38.5
SRR1039508.21177610	sp|O35973|PER1_MOUSE	100	21	0	0	1	63	1130	1150	7.83e-10	46.2
SRR1039508.21325288	sp|O35973|PER1_MOUSE	100	20	0	0	61	2	95	114	5.93e-05	32.3
SRR1039508.21361457	sp|P43354|NR4A2_HUMAN	85.0	20	3	0	4	63	463	482	8.91e-11	48.9
SRR1039508.21651327	sp|O35973|PER1_MOUSE	100	20	0	0	3	62	442	461	2.91e-10	47.4
SRR1039508.21717621	sp|O35973|PER1_MOUSE	100	20	0	0	3	62	338	357	2.60e-09	44.7
SRR1039508.21871759	sp|O35973|PER1_MOUSE	100	21	0	0	63	1	392	412	7.83e-10	46.2
SRR1039508.22599795	sp|O35973|PER1_MOUSE	100	20	0	0	62	3	1153	1172	2.09e-07	39.3
SRR1039508.22624205	sp|P43354|NR4A2_HUMAN	85.7	21	3	0	1	63	429	449	5.14e-06	35.4
SRR1039508.20836831	sp|P08238|HS90B_HUMAN	73.7	19	5	0	6	62	591	609	6.64e-06	35.0
SRR1039508.17724648	sp|P40763|STAT3_HUMAN	95.2	21	1	0	63	1	169	189	9.67e-09	43.1
SRR1039508.8278692	sp|P40763|STAT3_HUMAN	95.0	20	1	0	2	61	733	752	3.21e-08	41.6
SRR1039508.15250302	sp|O43889|CREB3_HUMAN	100	20	0	0	61	2	151	170	2.93e-04	30.4
SRR1039508.1638205	sp|Q92993|KAT5_HUMAN	100	20	0	0	3	62	385	404	4.97e-09	43.9
SRR1039508.8748036	tr|W1PJ14|W1PJ14_AMBTC	85.7	21	3	0	63	1	537	557	1.82e-08	42.4
SRR1039508.8375645	sp|P08238|HS90B_HUMAN	85.0	20	3	0	3	62	76	95	7.39e-07	37.7
SRR1039508.18142478	sp|P28704|RXRB_MOUSE	95.0	20	1	0	3	62	143	162	3.25e-08	41.6
SRR1039508.19534705	sp|P08238|HS90B_HUMAN	95.0	20	1	0	62	3	285	304	5.50e-10	46.6
SRR1039508.21447203	sp|P08238|HS90B_HUMAN	80.0	20	4	0	61	2	504	523	8.24e-08	40.4
SRR1039508.6786346	sp|P08238|HS90B_HUMAN	100	20	0	0	3	62	673	692	1.92e-09	45.1
SRR1039508.8927730	sp|P40763|STAT3_HUMAN	52.4	21	10	0	63	1	469	489	7.81e-04	29.3
SRR1039508.648189	sp|P40763|STAT3_HUMAN	100	21	0	0	63	1	57	77	3.09e-10	47.4
SRR1039508.553639	tr|W1PJ14|W1PJ14_AMBTC	85.7	21	3	0	63	1	539	559	7.12e-09	43.5
SRR1039508.18464774	sp|P08238|HS90B_HUMAN	95.0	20	1	0	3	62	38	57	8.24e-08	40.4
SRR1039508.4601953	tr|A0A670JPT3|A0A670JPT3_PODMU	95.2	21	1	0	63	1	308	328	6.41e-08	40.8
SRR1039508.484540	sp|P08238|HS90B_HUMAN	90.0	20	2	0	62	3	351	370	3.22e-08	41.6
SRR1039508.2967346	sp|P51532|SMCA4_HUMAN	100	18	0	0	62	9	1394	1411	4.32e-05	32.7
SRR1039508.15254186	sp|P51532|SMCA4_HUMAN	85.7	21	3	0	63	1	1159	1179	9.55e-09	43.1
SRR1039508.13470963	sp|P09471|GNAO_HUMAN	95.0	20	1	0	62	3	205	224	2.70e-09	44.7
SRR1039508.3375531	tr|A0A480LKS3|A0A480LKS3_PIG	100	19	0	0	3	59	10	28	1.04e-06	37.4
SRR1039508.10852226	sp|P51532|SMCA4_HUMAN	100	20	0	0	2	61	875	894	4.97e-12	52.4
SRR1039508.20810653	sp|Q9UKL3|C8AP2_HUMAN	100	20	0	0	2	61	1786	1805	3.54e-09	44.3
SRR1039508.7167306	sp|P08238|HS90B_HUMAN	100	20	0	0	61	2	533	552	1.01e-06	37.4
SRR1039508.11203190	sp|P09471|GNAO_HUMAN	85.0	20	3	0	2	61	202	221	1.44e-09	45.4
SRR1039508.20581713	sp|P08238|HS90B_HUMAN	100	21	0	0	1	63	499	519	5.79e-10	46.6
SRR1039508.502696	sp|P09471|GNAO_HUMAN	90.5	21	2	0	1	63	35	55	1.22e-07	40.0
SRR1039508.10844348	sp|P09471|GNAO_HUMAN	80.0	20	4	0	1	60	46	65	1.84e-05	33.9
SRR1039508.17718716	sp|P40763|STAT3_HUMAN	95.2	21	1	0	1	63	91	111	1.48e-09	45.4
SRR1039508.4608858	sp|P08238|HS90B_HUMAN	100	20	0	0	61	2	614	633	1.57e-10	48.1
SRR1039508.12265693	sp|P09471|GNAO_HUMAN	90.0	20	2	0	61	2	254	273	4.52e-08	41.2
SRR1039508.17191116	sp|P08238|HS90B_HUMAN	95.0	20	1	0	61	2	22	41	5.40e-07	38.1
SRR1039508.21336717	sp|Q9UGP4|LIMD1_HUMAN	90.5	21	2	0	1	63	553	573	2.85e-12	53.1
SRR1039508.7917294	sp|Q925J9|MED1_MOUSE	100	21	0	0	63	1	630	650	7.81e-10	46.2
SRR1039508.7502281	sp|B2RWS6|EP300_MOUSE	90.0	20	2	0	3	62	623	642	3.88e-07	38.5
SRR1039508.15558855	sp|P08238|HS90B_HUMAN	95.0	20	1	0	61	2	413	432	2.11e-07	39.3
SRR1039508.17799708	sp|P08238|HS90B_HUMAN	95.0	20	1	0	61	2	50	69	9.20e-09	43.1
SRR1039508.20130072	sp|P09471|GNAO_HUMAN	66.7	21	7	0	63	1	161	181	6.44e-05	32.3
SRR1039508.13494833	sp|P08238|HS90B_HUMAN	100	21	0	0	63	1	527	547	2.77e-09	44.7
SRR1039508.10871478	sp|P08238|HS90B_HUMAN	100	20	0	0	61	2	46	65	1.72e-08	42.4
SRR1039508.18629845	sp|Q9NRY4|RHG35_HUMAN	95.0	20	1	0	3	62	733	752	3.18e-08	41.6
SRR1039508.10186731	sp|Q92993|KAT5_HUMAN	100	21	0	0	1	63	187	207	2.05e-09	45.1
SRR1039508.5084894	sp|Q9NRY4|RHG35_HUMAN	100	20	0	0	61	2	1378	1397	8.13e-08	40.4
SRR1039508.7243719	sp|P51531|SMCA2_HUMAN	100	21	0	0	63	1	699	719	6.99e-09	43.5
SRR1039508.14360542	tr|A0A8I3NIH7|A0A8I3NIH7_CANLF	100	20	0	0	61	2	533	552	3.32e-11	50.1
SRR1039508.6023767	sp|Q925J9|MED1_MOUSE	75.0	20	5	0	3	62	1470	1489	2.08e-04	30.8
SRR1039508.4709783	tr|W1PJ14|W1PJ14_AMBTC	55.0	20	9	0	61	2	500	519	6.00e-05	32.3
SRR1039508.7021395	sp|B2RWS6|EP300_MOUSE	100	20	0	0	3	62	2017	2036	3.53e-09	44.3
SRR1039508.5702301	sp|P01116|RASK_HUMAN	100	14	0	0	21	62	1	14	6.17e-05	32.3
SRR1039508.17793243	sp|P40763|STAT3_HUMAN	95.0	20	1	0	2	61	461	480	4.02e-10	47.0
SRR1039508.11929613	sp|P51531|SMCA2_HUMAN	100	20	0	0	2	61	483	502	1.52e-07	39.7
SRR1039508.22388	tr|W1PJ14|W1PJ14_AMBTC	85.0	20	3	0	62	3	544	563	3.23e-08	41.6
SRR1039508.9845319	sp|P08238|HS90B_HUMAN	100	20	0	0	3	62	275	294	2.94e-10	47.4
SRR1039508.7315050	sp|Q15788|NCOA1_HUMAN	100	20	0	0	2	61	1261	1280	1.52e-07	39.7
SRR1039508.3389317	sp|P08238|HS90B_HUMAN	100	20	0	0	3	62	511	530	1.15e-10	48.5
SRR1039508.18014342	sp|P40763|STAT3_HUMAN	70.0	20	6	0	61	2	516	535	2.33e-05	33.5
SRR1039508.13943221	sp|P08238|HS90B_HUMAN	100	20	0	0	3	62	348	367	6.73e-09	43.5
SRR1039508.21421663	sp|P08238|HS90B_HUMAN	100	21	0	0	1	63	688	708	3.39e-08	41.6
SRR1039508.7341037	sp|P08238|HS90B_HUMAN	85.0	20	3	0	2	61	161	180	3.95e-07	38.5
SRR1039508.978443	tr|A0A480LKS3|A0A480LKS3_PIG	95.0	20	1	0	3	62	180	199	1.59e-07	39.7
SRR1039508.18388089	sp|Q969H0|FBXW7_HUMAN	95.2	21	1	0	63	1	3	23	4.64e-08	41.2
SRR1039508.3062556	tr|W1PJ14|W1PJ14_AMBTC	85.7	21	3	0	63	1	538	558	8.72e-08	40.4
SRR1039508.5715465	sp|P08238|HS90B_HUMAN	70.0	20	6	0	2	61	509	528	2.88e-07	38.9
SRR1039508.20824073	sp|P08238|HS90B_HUMAN	85.7	21	3	0	63	1	196	216	1.08e-09	45.8
SRR1039508.349622	sp|P08238|HS90B_HUMAN	90.5	21	2	0	63	1	625	645	1.32e-08	42.7
SRR1039508.18020376	sp|P08238|HS90B_HUMAN	90.0	20	2	0	2	61	611	630	4.40e-08	41.2
SRR1039508.940927	sp|B2RWS6|EP300_MOUSE	100	20	0	0	61	2	1762	1781	1.27e-11	51.2
SRR1039508.20609945	sp|P08238|HS90B_HUMAN	100	20	0	0	61	2	478	497	8.24e-08	40.4
SRR1039508.12826710	sp|Q92831|KAT2B_HUMAN	81.0	21	4	0	63	1	179	199	1.46e-06	37.0
SRR1039508.4045201	sp|P09471|GNAO_HUMAN	78.9	19	4	0	63	7	70	88	5.81e-04	29.6
SRR1039508.2577524	sp|P51531|SMCA2_HUMAN	100	21	0	0	63	1	604	624	1.63e-10	48.1
SRR1039508.15311070	sp|O43889|CREB3_HUMAN	100	21	0	0	1	63	182	202	8.87e-08	40.4
SRR1039508.18794766	sp|Q9UKL3|C8AP2_HUMAN	100	17	0	0	63	13	1900	1916	5.65e-04	29.6
SRR1039508.6191295	tr|A0A8I3NIH7|A0A8I3NIH7_CANLF	100	20	0	0	62	3	291	310	4.05e-10	47.0
SRR1039508.13535648	sp|P40763|STAT3_HUMAN	100	21	0	0	63	1	358	378	7.91e-10	46.2
SRR1039508.15366457	sp|B2RWS6|EP300_MOUSE	100	21	0	0	1	63	1329	1349	1.06e-09	45.8
SRR1039508.9913711	sp|P08238|HS90B_HUMAN	100	20	0	0	2	61	380	399	1.13e-07	40.0
SRR1039508.12315683	tr|A0A480PNE7|A0A480PNE7_PIG	100	19	0	0	3	59	433	451	4.00e-07	38.5
SRR1039508.9251127	sp|P08238|HS90B_HUMAN	100	20	0	0	2	61	369	388	1.41e-09	45.4
SRR1039508.10694782	tr|W1PJ14|W1PJ14_AMBTC	84.2	19	3	0	61	5	546	564	6.05e-08	40.8
SRR1039508.12444693	sp|P08238|HS90B_HUMAN	100	20	0	0	61	2	313	332	3.60e-09	44.3
SRR1039508.13386724	sp|Q15788|NCOA1_HUMAN	100	20	0	0	3	62	728	747	7.30e-07	37.7
SRR1039508.6335099	sp|O43889|CREB3_HUMAN	100	20	0	0	62	3	335	354	7.71e-10	46.2
SRR1039508.18469601	sp|P08238|HS90B_HUMAN	100	20	0	0	61	2	22	41	4.40e-08	41.2
SRR1039508.12271990	sp|P10275|ANDR_HUMAN	95.2	21	1	0	63	1	129	149	3.37e-08	41.6
SRR1039508.22388001	sp|P19793|RXRA_HUMAN	100	21	0	0	63	1	37	57	2.81e-09	44.7
SRR1039508.22223253	sp|P08238|HS90B_HUMAN	90.0	20	2	0	61	2	415	434	2.88e-07	38.9
SRR1039508.5366363	sp|P08238|HS90B_HUMAN	100	20	0	0	62	3	334	353	1.03e-09	45.8
SRR1039508.18647656	sp|P40763|STAT3_HUMAN	95.0	20	1	0	61	2	646	665	3.21e-08	41.6
SRR1039508.17856498	sp|P08238|HS90B_HUMAN	71.4	21	6	0	1	63	61	81	2.73e-06	36.2
SRR1039508.13483551	sp|Q92831|KAT2B_HUMAN	70.0	20	6	0	61	2	766	785	4.84e-06	35.4
SRR1039508.12466190	sp|P51532|SMCA4_HUMAN	58.8	17	7	0	62	12	1036	1052	8.09e-05	32.0
SRR1039508.3207181	sp|P08238|HS90B_HUMAN	100	21	0	0	1	63	674	694	5.79e-10	46.6
SRR1039508.7288873	sp|P51532|SMCA4_HUMAN	100	19	0	0	3	59	1372	1390	1.70e-08	42.4
SRR1039508.3336040	sp|Q9UKL3|C8AP2_HUMAN	100	20	0	0	2	61	1029	1048	2.32e-08	42.0
SRR1039508.2340553	sp|P51531|SMCA2_HUMAN	100	20	0	0	61	2	793	812	3.96e-10	47.0
SRR1039508.4429350	tr|W1PJ14|W1PJ14_AMBTC	63.2	19	7	0	62	6	471	489	4.38e-05	32.7
SRR1039508.20397877	tr|A8QZ77|A8QZ77_MAIZE	70.0	20	6	0	61	2	116	135	2.32e-07	38.9
SRR1039508.8827769	sp|P42345|MTOR_HUMAN	100	21	0	0	63	1	2193	2213	5.68e-10	46.6
SRR1039508.16214656	tr|W1PJ14|W1PJ14_AMBTC	88.2	17	2	0	12	62	528	544	3.96e-07	38.5
SRR1039508.3586634	sp|P08238|HS90B_HUMAN	78.9	19	4	0	61	5	592	610	2.59e-06	36.2
SRR1039508.17472634	sp|P08238|HS90B_HUMAN	81.0	21	4	0	63	1	548	568	5.71e-04	29.6
SRR1039508.11970015	tr|W1PJ14|W1PJ14_AMBTC	90.0	20	2	0	61	2	532	551	2.64e-09	44.7
SRR1039508.16546497	sp|P08238|HS90B_HUMAN	85.0	20	3	0	61	2	623	642	1.13e-07	40.0
SRR1039508.7378393	sp|P08238|HS90B_HUMAN	100	20	0	0	62	3	309	328	1.15e-10	48.5
SRR1039508.14861743	sp|P08238|HS90B_HUMAN	100	18	0	0	54	1	272	289	1.62e-07	39.7
SRR1039508.1115732	sp|P08238|HS90B_HUMAN	100	20	0	0	61	2	59	78	1.26e-08	42.7
SRR1039508.15654270	sp|P08238|HS90B_HUMAN	64.7	17	6	0	53	3	88	104	7.39e-04	29.3
SRR1039508.8383201	sp|P08238|HS90B_HUMAN	100	21	0	0	1	63	277	297	6.48e-11	49.3
SRR1039508.19668752	sp|P08238|HS90B_HUMAN	100	20	0	0	2	61	575	594	1.13e-07	40.0
SRR1039508.2336157	tr|W1PJ14|W1PJ14_AMBTC	85.0	20	3	0	61	2	538	557	5.42e-07	38.1
SRR1039508.5749958	sp|P08238|HS90B_HUMAN	100	20	0	0	61	2	321	340	4.92e-09	43.9
SRR1039508.6517221	sp|P11473|VDR_HUMAN	100	20	0	0	62	3	184	203	1.92e-06	36.6
SRR1039508.3028700	sp|P10275|ANDR_HUMAN	100	20	0	0	3	62	866	885	1.25e-08	42.7
SRR1039508.9572967	sp|P08238|HS90B_HUMAN	80.0	20	4	0	2	61	494	513	1.38e-06	37.0
SRR1039508.22754729	sp|P08238|HS90B_HUMAN	100	20	0	0	2	61	417	436	6.02e-08	40.8
SRR1039508.22022946	sp|P40763|STAT3_HUMAN	100	20	0	0	3	62	15	34	9.18e-09	43.1
SRR1039508.15169232	sp|P08238|HS90B_HUMAN	100	20	0	0	61	2	585	604	2.94e-10	47.4
SRR1039508.11840879	sp|P08238|HS90B_HUMAN	77.8	18	4	0	3	56	514	531	1.13e-07	40.0
SRR1039508.19481870	sp|P09471|GNAO_HUMAN	81.0	21	4	0	63	1	201	221	2.84e-09	44.7
SRR1039508.21621672	sp|P08238|HS90B_HUMAN	100	15	0	0	18	62	272	286	2.10e-04	30.8
SRR1039508.7413746	sp|B2RWS6|EP300_MOUSE	100	20	0	0	61	2	1696	1715	6.60e-09	43.5
SRR1039508.20956587	sp|P51531|SMCA2_HUMAN	100	20	0	0	3	62	1001	1020	3.96e-10	47.0
SRR1039508.11649195	sp|P08238|HS90B_HUMAN	100	20	0	0	61	2	88	107	9.20e-09	43.1
SRR1039508.4644053	sp|Q64127|TIF1A_MOUSE	100	20	0	0	2	61	253	272	1.25e-08	42.7
SRR1039508.4085733	sp|P01116|RASK_HUMAN	82.4	17	3	0	3	53	31	47	2.38e-05	33.5
SRR1039508.15259972	sp|P09471|GNAO_HUMAN	85.0	20	3	0	2	61	190	209	9.44e-09	43.1
SRR1039508.9226670	sp|Q9NRY4|RHG35_HUMAN	100	20	0	0	2	61	346	365	1.39e-09	45.4
SRR1039508.19269310	tr|A0A480LKS3|A0A480LKS3_PIG	100	20	0	0	3	62	150	169	3.70e-09	44.3
SRR1039508.21133518	sp|P08238|HS90B_HUMAN	95.0	20	1	0	3	62	344	363	1.13e-07	40.0
SRR1039508.17978168	sp|Q9NRY4|RHG35_HUMAN	80.0	20	4	0	62	3	783	802	7.30e-07	37.7
SRR1039508.15060779	sp|Q92993|KAT5_HUMAN	100	13	0	0	61	23	501	513	1.02e-06	37.4
SRR1039508.4822741	sp|Q925J9|MED1_MOUSE	100	21	0	0	1	63	1047	1067	9.56e-09	43.1
SRR1039508.19276199	tr|W1PJ14|W1PJ14_AMBTC	84.2	19	3	0	59	3	528	546	2.90e-07	38.9
SRR1039508.13538825	sp|P09471|GNAO_HUMAN	75.0	20	5	0	3	62	33	52	9.29e-06	34.7
SRR1039508.19247793	tr|A0A8I3NIH7|A0A8I3NIH7_CANLF	100	20	0	0	2	61	275	294	2.17e-10	47.8
SRR1039508.15112947	tr|A0A8I3NIH7|A0A8I3NIH7_CANLF	100	20	0	0	61	2	223	242	4.05e-10	47.0
SRR1039508.20430273	sp|P08238|HS90B_HUMAN	95.0	20	1	0	2	61	286	305	1.57e-10	48.1
SRR1039508.14920348	sp|P08238|HS90B_HUMAN	100	20	0	0	3	62	619	638	5.50e-10	46.6
SRR1039508.12047544	sp|P08238|HS90B_HUMAN	85.0	20	3	0	62	3	649	668	2.59e-06	36.2
SRR1039508.18168749	sp|P51531|SMCA2_HUMAN	66.7	21	7	0	63	1	939	959	1.78e-05	33.9
SRR1039508.15277518	sp|P08238|HS90B_HUMAN	95.0	20	1	0	61	2	391	410	3.54e-06	35.8
SRR1039508.3081113	sp|Q9UGP4|LIMD1_HUMAN	100	20	0	0	3	62	50	69	3.55e-06	35.8
SRR1039508.8700359	sp|P08238|HS90B_HUMAN	76.2	21	5	0	63	1	383	403	2.73e-06	36.2
SRR1039508.7616615	sp|P08238|HS90B_HUMAN	100	20	0	0	62	3	172	191	5.50e-10	46.6
SRR1039508.22443376	sp|P09471|GNAO_HUMAN	94.4	18	1	0	2	55	262	279	3.63e-06	35.8
SRR1039508.21311703	sp|Q9Y692|GMEB1_HUMAN	100	21	0	0	1	63	237	257	4.67e-08	41.2
SRR1039508.910247	sp|P08238|HS90B_HUMAN	95.2	21	1	0	1	63	86	106	5.18e-09	43.9
SRR1039508.19523841	sp|Q9NRY4|RHG35_HUMAN	100	20	0	0	3	62	4	23	9.08e-09	43.1
SRR1039508.20983229	tr|A0AA88PK51|A0AA88PK51_9TELE	100	20	0	0	2	61	1000	1019	1.70e-08	42.4
SRR1039508.4360477	sp|P08238|HS90B_HUMAN	100	20	0	0	3	62	627	646	6.73e-09	43.5
SRR1039508.17168115	sp|B2RWS6|EP300_MOUSE	100	21	0	0	1	63	2063	2083	3.33e-08	41.6
SRR1039508.14482935	sp|P42345|MTOR_HUMAN	100	20	0	0	61	2	1188	1207	1.01e-09	45.8
SRR1039508.17248132	sp|P08238|HS90B_HUMAN	90.5	21	2	0	1	63	86	106	1.19e-07	40.0
SRR1039508.16116756	sp|P08238|HS90B_HUMAN	95.2	21	1	0	63	1	103	123	2.22e-07	39.3
SRR1039508.4031352	tr|W1PJ14|W1PJ14_AMBTC	68.4	19	6	0	3	59	467	485	8.22e-05	32.0
SRR1039508.13447226	sp|P40763|STAT3_HUMAN	100	20	0	0	62	3	201	220	1.01e-06	37.4
SRR1039508.22140961	sp|P08238|HS90B_HUMAN	60.0	20	8	0	3	62	136	155	1.12e-04	31.6
SRR1039508.17249960	sp|P51531|SMCA2_HUMAN	95.0	20	1	0	2	61	940	959	3.90e-07	38.5
SRR1039508.3204685	sp|P40763|STAT3_HUMAN	100	20	0	0	3	62	54	73	1.92e-09	45.1
SRR1039508.7536087	sp|P08238|HS90B_HUMAN	90.0	20	2	0	2	61	334	353	6.73e-09	43.5
SRR1039508.3747469	sp|P01116|RASK_HUMAN	94.4	18	1	0	1	54	9	26	2.51e-05	33.5
SRR1039508.20964170	sp|P08238|HS90B_HUMAN	100	14	0	0	44	3	272	285	5.40e-04	29.6
SRR1039508.16835836	sp|Q9NRY4|RHG35_HUMAN	95.2	21	1	0	63	1	2	22	2.45e-08	42.0
SRR1039508.7541139	sp|P09471|GNAO_HUMAN	76.2	21	5	0	1	63	213	233	7.97e-07	37.7
SRR1039508.7296049	sp|P08238|HS90B_HUMAN	95.0	20	1	0	2	61	289	308	1.41e-09	45.4
SRR1039508.21540026	sp|P08238|HS90B_HUMAN	80.0	20	4	0	61	2	49	68	6.64e-06	35.0
SRR1039508.12699577	sp|P08238|HS90B_HUMAN	100	21	0	0	1	63	77	97	7.92e-10	46.2
SRR1039508.5312578	sp|Q92993|KAT5_HUMAN	100	21	0	0	63	1	223	243	2.29e-10	47.8
SRR1039508.9694876	sp|P08238|HS90B_HUMAN	95.2	21	1	0	63	1	98	118	2.48e-08	42.0
SRR1039508.1109759	sp|P51531|SMCA2_HUMAN	100	15	0	0	1	45	1385	1399	1.30e-05	34.3
SRR1039508.9054510	sp|P08238|HS90B_HUMAN	95.0	20	1	0	3	62	138	157	3.60e-09	44.3
SRR1039508.3432018	sp|Q9NRY4|RHG35_HUMAN	100	20	0	0	3	62	234	253	3.18e-08	41.6
SRR1039508.12448303	sp|B2RWS6|EP300_MOUSE	89.5	19	2	0	62	6	108	126	4.78e-06	35.4
SRR1039508.18090373	sp|P40763|STAT3_HUMAN	100	21	0	0	1	63	364	384	7.91e-10	46.2
SRR1039508.7657809	sp|P40763|STAT3_HUMAN	100	21	0	0	63	1	368	388	4.23e-10	47.0
SRR1039508.19714169	sp|Q9UKL3|C8AP2_HUMAN	100	18	0	0	2	55	1827	1844	1.52e-07	39.7
SRR1039508.7926062	sp|P08238|HS90B_HUMAN	95.2	21	1	0	63	1	605	625	1.32e-08	42.7
SRR1039508.10813486	sp|P08238|HS90B_HUMAN	100	21	0	0	1	63	137	157	1.66e-10	48.1
SRR1039508.15643658	sp|Q9UGP4|LIMD1_HUMAN	95.0	20	1	0	61	2	527	546	4.03e-10	47.0
SRR1039508.21866354	sp|P51532|SMCA4_HUMAN	100	20	0	0	2	61	370	389	5.94e-08	40.8
SRR1039508.3746429	sp|P08238|HS90B_HUMAN	100	20	0	0	61	2	194	213	9.20e-09	43.1
SRR1039508.16930446	sp|P08238|HS90B_HUMAN	95.2	21	1	0	63	1	61	81	7.08e-09	43.5
SRR1039508.15094207	sp|Q969H0|FBXW7_HUMAN	100	16	0	0	2	49	64	79	1.70e-05	33.9
SRR1039508.7464394	tr|A0A480LKS3|A0A480LKS3_PIG	100	20	0	0	62	3	212	231	1.77e-08	42.4
SRR1039508.10655527	sp|Q92831|KAT2B_HUMAN	89.5	19	2	0	2	58	341	359	1.12e-07	40.0
SRR1039508.14832222	sp|P42345|MTOR_HUMAN	100	20	0	0	62	3	1797	1816	9.03e-09	43.1
SRR1039508.22677877	sp|P08238|HS90B_HUMAN	71.4	21	6	0	1	63	492	512	3.74e-06	35.8
SRR1039508.13159190	sp|P51532|SMCA4_HUMAN	65.0	20	7	0	2	61	1150	1169	1.52e-04	31.2
SRR1039508.8855139	sp|P08238|HS90B_HUMAN	81.0	21	4	0	63	1	379	399	5.69e-07	38.1
SRR1039508.22730058	sp|P08238|HS90B_HUMAN	100	20	0	0	3	62	166	185	1.92e-09	45.1
SRR1039508.14238985	sp|P08238|HS90B_HUMAN	85.7	21	3	0	1	63	167	187	6.35e-08	40.8
SRR1039508.12393700	tr|A0AA88PK51|A0AA88PK51_9TELE	75.0	20	5	0	62	3	977	996	3.19e-08	41.6
SRR1039508.19862153	sp|P09471|GNAO_HUMAN	73.7	19	5	0	6	62	136	154	1.74e-05	33.9
SRR1039508.3418957	sp|P40763|STAT3_HUMAN	75.0	20	5	0	2	61	573	592	3.94e-07	38.5
SRR1039508.5243605	tr|W1PJ14|W1PJ14_AMBTC	85.0	20	3	0	62	3	528	547	8.28e-08	40.4
SRR1039508.7231911	sp|P51532|SMCA4_HUMAN	100	20	0	0	3	62	554	573	4.34e-08	41.2
SRR1039508.5434384	sp|Q92993|KAT5_HUMAN	78.9	19	4	0	2	58	343	361	1.72e-05	33.9
SRR1039508.20436761	sp|O43889|CREB3_HUMAN	100	20	0	0	3	62	216	235	2.65e-06	36.2
SRR1039508.11484579	sp|P51531|SMCA2_HUMAN	100	21	0	0	1	63	1029	1049	4.17e-10	47.0
SRR1039508.3277148	sp|Q60641|NR1H4_MOUSE	80.0	20	4	0	61	2	147	166	5.57e-10	46.6
SRR1039508.11806010	sp|P08238|HS90B_HUMAN	75.0	20	5	0	61	2	372	391	2.11e-07	39.3
SRR1039508.4204367	sp|B2RWS6|EP300_MOUSE	90.5	21	2	0	1	63	1126	1146	4.16e-10	47.0
SRR1039508.11739535	sp|P08238|HS90B_HUMAN	100	20	0	0	2	61	512	531	1.15e-10	48.5
SRR1039508.1448431	sp|P08238|HS90B_HUMAN	47.6	21	11	0	63	1	320	340	1.62e-04	31.2
SRR1039508.8342056	sp|P40763|STAT3_HUMAN	100	20	0	0	3	62	182	201	4.40e-08	41.2
SRR1039508.9393188	sp|P08238|HS90B_HUMAN	100	20	0	0	2	61	573	592	6.73e-09	43.5
SRR1039508.11555512	tr|W1PJ14|W1PJ14_AMBTC	85.7	21	3	0	63	1	538	558	8.72e-08	40.4
SRR1039508.14025840	sp|Q92993|KAT5_HUMAN	85.0	20	3	0	3	62	316	335	3.25e-08	41.6
SRR1039508.20308109	sp|P08238|HS90B_HUMAN	85.7	21	3	0	1	63	158	178	4.16e-07	38.5
SRR1039508.2392284	sp|Q9NRY4|RHG35_HUMAN	100	20	0	0	2	61	798	817	2.12e-10	47.8
SRR1039508.11199628	sp|P51531|SMCA2_HUMAN	100	20	0	0	61	2	507	526	4.34e-08	41.2
SRR1039508.22045882	sp|P08238|HS90B_HUMAN	100	20	0	0	2	61	289	308	2.15e-10	47.8
SRR1039508.486425	tr|W1PJ14|W1PJ14_AMBTC	70.0	20	6	0	2	61	494	513	2.34e-05	33.5
SRR1039508.12818175	sp|P08238|HS90B_HUMAN	85.0	20	3	0	3	62	31	50	1.38e-06	37.0
SRR1039508.20540975	sp|Q9NRY4|RHG35_HUMAN	100	20	0	0	2	61	20	39	3.97e-10	47.0
SRR1039508.14754516	sp|O43889|CREB3_HUMAN	100	20	0	0	61	2	321	340	5.18e-12	52.4
SRR1039508.780964	tr|W1PJ14|W1PJ14_AMBTC	90.0	20	2	0	61	2	530	549	4.94e-09	43.9
SRR1039508.974147	sp|P20815|CP3A5_HUMAN	88.9	18	2	0	8	61	109	126	6.09e-08	40.8
SRR1039508.444900	sp|P08238|HS90B_HUMAN	90.5	21	2	0	1	63	515	535	5.18e-09	43.9
SRR1039508.731920	sp|P42345|MTOR_HUMAN	100	21	0	0	63	1	581	601	3.72e-09	44.3
SRR1039508.12863071	tr|W1PJ14|W1PJ14_AMBTC	85.7	21	3	0	63	1	542	562	4.66e-08	41.2
SRR1039508.19990250	sp|P08238|HS90B_HUMAN	100	21	0	0	63	1	348	368	1.08e-09	45.8
SRR1039508.15325636	sp|P08238|HS90B_HUMAN	90.0	20	2	0	62	3	603	622	2.11e-07	39.3
SRR1039508.3473614	sp|P08238|HS90B_HUMAN	90.5	21	2	0	63	1	622	642	1.81e-08	42.4
SRR1039508.7863741	sp|P08238|HS90B_HUMAN	100	20	0	0	3	62	275	294	2.94e-10	47.4
SRR1039508.4239555	sp|P08238|HS90B_HUMAN	66.7	21	7	0	1	63	464	484	4.61e-05	32.7
SRR1039508.12749781	sp|P51532|SMCA4_HUMAN	100	20	0	0	2	61	1202	1221	1.24e-08	42.7
SRR1039508.6343196	sp|P08238|HS90B_HUMAN	90.0	20	2	0	62	3	516	535	6.73e-09	43.5
SRR1039508.22860053	sp|P08238|HS90B_HUMAN	78.9	19	4	0	6	62	433	451	4.85e-06	35.4
SRR1039508.21869196	sp|P08238|HS90B_HUMAN	80.0	20	4	0	62	3	385	404	4.85e-06	35.4
SRR1039508.2934855	sp|Q92831|KAT2B_HUMAN	70.0	20	6	0	62	3	813	832	4.36e-05	32.7
SRR1039508.10805428	sp|P08238|HS90B_HUMAN	90.0	20	2	0	61	2	358	377	6.73e-09	43.5
SRR1039508.4058334	sp|Q15788|NCOA1_HUMAN	100	20	0	0	62	3	782	801	1.90e-09	45.1
SRR1039508.7819718	sp|P08238|HS90B_HUMAN	100	20	0	0	62	3	334	353	1.03e-09	45.8
SRR1039508.4653973	sp|P08238|HS90B_HUMAN	100	20	0	0	62	3	685	704	4.40e-08	41.2
SRR1039508.430361	sp|P08238|HS90B_HUMAN	100	14	0	0	44	3	272	285	5.40e-04	29.6
SRR1039508.20652938	sp|Q61026|NCOA2_MOUSE	95.2	21	1	0	1	63	1411	1431	4.11e-07	38.5
SRR1039508.14182279	sp|P28704|RXRB_MOUSE	100	20	0	0	3	62	156	175	3.25e-08	41.6
SRR1039508.1492920	sp|P08238|HS90B_HUMAN	83.3	18	3	0	3	56	707	724	1.24e-05	34.3
SRR1039508.14062174	sp|P08238|HS90B_HUMAN	100	21	0	0	63	1	399	419	1.62e-07	39.7
SRR1039508.18449611	tr|A0AA88PK51|A0AA88PK51_9TELE	84.2	19	3	0	2	58	1011	1029	7.32e-07	37.7
SRR1039508.16000559	sp|Q9UGP4|LIMD1_HUMAN	95.2	21	1	0	63	1	600	620	2.77e-09	44.7
SRR1039508.84679	tr|A0A8I3NIH7|A0A8I3NIH7_CANLF	100	20	0	0	62	3	508	527	1.16e-10	48.5
SRR1039508.18541749	sp|P08238|HS90B_HUMAN	95.0	20	1	0	61	2	72	91	3.22e-08	41.6
SRR1039508.11784198	sp|P09471|GNAO_HUMAN	78.9	19	4	0	58	2	208	226	7.57e-07	37.7
SRR1039508.21491628	tr|A0A480LKS3|A0A480LKS3_PIG	100	21	0	0	63	1	154	174	1.11e-09	45.8
SRR1039508.20212429	sp|P51531|SMCA2_HUMAN	100	20	0	0	62	3	1325	1344	4.85e-09	43.9
SRR1039508.12253555	sp|P08238|HS90B_HUMAN	100	20	0	0	61	2	92	111	1.26e-08	42.7
SRR1039508.15321529	sp|P08238|HS90B_HUMAN	90.5	21	2	0	1	63	653	673	1.62e-07	39.7
SRR1039508.18094780	sp|P40763|STAT3_HUMAN	100	18	0	0	54	1	1	18	2.22e-07	39.3
SRR1039508.6422138	sp|P42345|MTOR_HUMAN	95.0	20	1	0	61	2	773	792	1.51e-04	31.2
SRR1039508.9116273	sp|P08238|HS90B_HUMAN	90.0	20	2	0	61	2	525	544	6.02e-08	40.8
SRR1039508.21395588	sp|P10275|ANDR_HUMAN	100	20	0	0	3	62	515	534	3.28e-11	50.1
SRR1039508.12676639	sp|B2RWS6|EP300_MOUSE	70.0	20	6	0	62	3	1601	1620	2.30e-05	33.5
SRR1039508.20479695	tr|W1PJ14|W1PJ14_AMBTC	66.7	21	7	0	1	63	493	513	5.14e-06	35.4
SRR1039508.5922415	sp|O43889|CREB3_HUMAN	100	21	0	0	1	63	72	92	6.64e-11	49.3
SRR1039508.1401655	sp|P51531|SMCA2_HUMAN	100	20	0	0	3	62	596	615	2.59e-09	44.7
SRR1039508.2338473	sp|B2RWS6|EP300_MOUSE	95.0	20	1	0	62	3	2132	2151	3.16e-08	41.6
SRR1039508.19545725	sp|O35973|PER1_MOUSE	100	21	0	0	63	1	1086	1106	7.72e-07	37.7
SRR1039508.2157002	sp|P08238|HS90B_HUMAN	100	20	0	0	2	61	288	307	2.15e-10	47.8
SRR1039508.13475407	sp|P08238|HS90B_HUMAN	100	20	0	0	3	62	458	477	6.02e-08	40.8
SRR1039508.14581591	sp|P08238|HS90B_HUMAN	100	21	0	0	1	63	570	590	1.08e-09	45.8
SRR1039508.19423054	sp|P09471|GNAO_HUMAN	84.2	19	3	0	57	1	242	260	8.89e-08	40.4
SRR1039508.1938844	sp|Q9NRY4|RHG35_HUMAN	78.9	19	4	0	59	3	594	612	4.80e-06	35.4
SRR1039508.6618466	tr|W1PJ14|W1PJ14_AMBTC	90.0	20	2	0	2	61	532	551	2.64e-09	44.7
SRR1039508.5409964	sp|B2RWS6|EP300_MOUSE	90.0	20	2	0	62	3	2172	2191	2.84e-07	38.9
SRR1039508.13435445	sp|Q9NRY4|RHG35_HUMAN	100	20	0	0	61	2	83	102	2.59e-09	44.7
SRR1039508.1738363	sp|P08238|HS90B_HUMAN	100	20	0	0	61	2	430	449	1.41e-09	45.4
SRR1039508.22513700	sp|P09471|GNAO_HUMAN	83.3	18	3	0	62	9	146	163	1.74e-05	33.9
SRR1039508.14096119	sp|Q9NRY4|RHG35_HUMAN	81.0	21	4	0	63	1	852	872	5.63e-07	38.1
SRR1039508.4259320	tr|W1PJ14|W1PJ14_AMBTC	73.7	19	5	0	5	61	492	510	1.25e-05	34.3
SRR1039508.13120121	tr|A0A480LKS3|A0A480LKS3_PIG	100	20	0	0	61	2	30	49	1.16e-07	40.0
SRR1039508.5205706	sp|P09471|GNAO_HUMAN	65.0	20	7	0	61	2	55	74	6.10e-05	32.3
SRR1039508.5724234	sp|P08238|HS90B_HUMAN	73.7	19	5	0	61	5	513	531	4.40e-08	41.2
SRR1039508.6907980	sp|Q61026|NCOA2_MOUSE	100	21	0	0	1	63	1222	1242	6.99e-09	43.5
SRR1039508.6379345	sp|P40763|STAT3_HUMAN	100	20	0	0	3	62	51	70	2.63e-09	44.7
SRR1039508.19240649	sp|P08238|HS90B_HUMAN	100	20	0	0	2	61	704	723	1.72e-08	42.4
SRR1039508.18284351	tr|W1PJ14|W1PJ14_AMBTC	65.0	20	7	0	3	62	497	516	1.71e-05	33.9
SRR1039508.12882024	sp|Q9NRY4|RHG35_HUMAN	100	21	0	0	63	1	1310	1330	1.07e-09	45.8
SRR1039508.15951041	sp|P09471|GNAO_HUMAN	94.1	17	1	0	1	51	46	62	3.82e-06	35.8
SRR1039508.1640999	sp|P08238|HS90B_HUMAN	100	21	0	0	1	63	120	140	2.77e-09	44.7
SRR1039508.8856686	sp|Q925J9|MED1_MOUSE	95.0	20	1	0	61	2	617	636	2.85e-07	38.9
SRR1039508.20855213	sp|P51531|SMCA2_HUMAN	80.0	20	4	0	2	61	1116	1135	3.50e-06	35.8
SRR1039508.12463487	sp|P09471|GNAO_HUMAN	80.0	20	4	0	2	61	247	266	1.42e-06	37.0
SRR1039508.17351210	sp|B2RWS6|EP300_MOUSE	95.0	20	1	0	61	2	1063	1082	3.16e-08	41.6
SRR1039508.2887454	tr|A0A480LKS3|A0A480LKS3_PIG	100	21	0	0	1	63	38	58	1.24e-10	48.5
SRR1039508.11788034	sp|P51532|SMCA4_HUMAN	100	20	0	0	3	62	405	424	1.52e-07	39.7
SRR1039508.8154089	sp|B2RWS6|EP300_MOUSE	90.0	20	2	0	61	2	474	493	4.78e-06	35.4
SRR1039508.6521701	tr|W1PJ14|W1PJ14_AMBTC	68.4	19	6	0	3	59	467	485	8.22e-05	32.0
SRR1039508.11245364	sp|P40763|STAT3_HUMAN	100	20	0	0	2	61	381	400	9.18e-09	43.1
SRR1039508.20400713	tr|W1PJ14|W1PJ14_AMBTC	70.0	20	6	0	61	2	466	485	3.20e-05	33.1
SRR1039508.13928780	sp|Q15788|NCOA1_HUMAN	100	20	0	0	62	3	1252	1271	5.95e-08	40.8
SRR1039508.20528142	sp|P08238|HS90B_HUMAN	100	21	0	0	63	1	378	398	3.79e-09	44.3
SRR1039508.6347405	sp|O43889|CREB3_HUMAN	100	20	0	0	61	2	52	71	1.03e-06	37.4
SRR1039508.8790489	sp|P08238|HS90B_HUMAN	100	20	0	0	2	61	169	188	1.57e-10	48.1
SRR1039508.4757449	tr|W1PJ14|W1PJ14_AMBTC	70.0	20	6	0	62	3	466	485	6.67e-06	35.0
SRR1039508.9490437	sp|Q9UGP4|LIMD1_HUMAN	84.2	19	3	0	61	5	574	592	1.13e-07	40.0
SRR1039508.13835924	sp|P40763|STAT3_HUMAN	100	21	0	0	63	1	307	327	2.76e-09	44.7
SRR1039508.10263234	sp|P08238|HS90B_HUMAN	100	21	0	0	63	1	583	603	1.21e-10	48.5
SRR1039508.10861754	sp|P08238|HS90B_HUMAN	95.2	21	1	0	1	63	86	106	5.18e-09	43.9
SRR1039508.14404546	sp|P51532|SMCA4_HUMAN	100	20	0	0	3	62	1332	1351	2.59e-09	44.7
SRR1039508.9621063	sp|P51531|SMCA2_HUMAN	71.4	21	6	0	63	1	941	961	4.57e-05	32.7
SRR1039508.8861857	tr|A0A670JPT3|A0A670JPT3_PODMU	100	20	0	0	62	3	382	401	7.61e-10	46.2
SRR1039508.9533743	sp|P08238|HS90B_HUMAN	100	21	0	0	1	63	596	616	2.27e-10	47.8
SRR1039508.8088485	sp|P08238|HS90B_HUMAN	100	21	0	0	1	63	176	196	7.92e-10	46.2
SRR1039508.7781164	sp|P01116|RASK_HUMAN	95.0	20	1	0	61	2	68	87	5.52e-10	46.2
SRR1039508.8965483	sp|P01116|RASK_HUMAN	76.2	21	5	0	63	1	113	133	5.41e-07	38.1
SRR1039508.620323	sp|B2RWS6|EP300_MOUSE	100	21	0	0	63	1	1439	1459	1.33e-11	51.2
SRR1039508.4347406	sp|P08238|HS90B_HUMAN	76.2	21	5	0	63	1	447	467	1.07e-06	37.4
SRR1039508.2117702	sp|P08238|HS90B_HUMAN	100	17	0	0	53	3	1	17	2.11e-07	39.3
SRR1039508.7286720	sp|P08238|HS90B_HUMAN	85.7	21	3	0	63	1	649	669	5.69e-07	38.1
SRR1039508.17797190	sp|P08238|HS90B_HUMAN	85.0	20	3	0	2	61	630	649	1.89e-06	36.6
SRR1039508.421290	sp|P40763|STAT3_HUMAN	57.1	21	9	0	1	63	473	493	6.31e-05	32.3
SRR1039508.18741912	sp|P40763|STAT3_HUMAN	95.0	20	1	0	2	61	211	230	2.88e-07	38.9
SRR1039508.14507375	sp|P08238|HS90B_HUMAN	85.7	21	3	0	63	1	193	213	5.18e-09	43.9
SRR1039508.1828848	sp|B2RWS6|EP300_MOUSE	100	19	0	0	58	2	2162	2180	2.31e-08	42.0
SRR1039508.6511072	sp|Q9NRY4|RHG35_HUMAN	100	21	0	0	1	63	481	501	1.17e-07	40.0
SRR1039508.7722688	sp|Q9NRY4|RHG35_HUMAN	100	21	0	0	63	1	742	762	3.74e-09	44.3
SRR1039508.10344002	sp|P08238|HS90B_HUMAN	100	21	0	0	63	1	310	330	2.54e-11	50.4
SRR1039508.1761564	sp|Q9NRY4|RHG35_HUMAN	100	21	0	0	63	1	1045	1065	5.24e-12	52.4
SRR1039508.20901292	sp|P42345|MTOR_HUMAN	100	20	0	0	61	2	1113	1132	4.83e-09	43.9
SRR1039508.6366163	sp|P09471|GNAO_HUMAN	75.0	20	5	0	62	3	210	229	3.63e-06	35.8
SRR1039508.15837394	sp|B2RWS6|EP300_MOUSE	95.0	20	1	0	60	1	1572	1591	2.44e-08	42.0
SRR1039508.20972355	sp|P20815|CP3A5_HUMAN	90.0	20	2	0	2	61	434	453	4.97e-09	43.9
SRR1039508.4390353	sp|P51532|SMCA4_HUMAN	100	21	0	0	63	1	1448	1468	9.55e-09	43.1
SRR1039508.19411743	sp|P09471|GNAO_HUMAN	100	20	0	0	3	62	37	56	8.45e-08	40.4
SRR1039508.6742506	sp|P51531|SMCA2_HUMAN	100	20	0	0	62	3	192	211	1.24e-08	42.7
SRR1039508.5341039	sp|P09471|GNAO_HUMAN	84.2	19	3	0	63	7	291	309	5.83e-07	38.1
SRR1039508.13305925	sp|P08238|HS90B_HUMAN	100	20	0	0	61	2	125	144	1.72e-08	42.4
SRR1039508.5429714	sp|P08238|HS90B_HUMAN	100	21	0	0	63	1	297	317	6.48e-11	49.3
SRR1039508.10910367	sp|P51531|SMCA2_HUMAN	100	21	0	0	1	63	1477	1497	3.74e-09	44.3
SRR1039508.11778645	sp|P28700|RXRA_MOUSE	100	21	0	0	63	1	251	271	1.50e-09	45.4
SRR1039508.12293321	sp|P08238|HS90B_HUMAN	100	19	0	0	59	3	25	43	5.40e-07	38.1
SRR1039508.17202925	tr|W1PJ14|W1PJ14_AMBTC	85.0	20	3	0	62	3	537	556	6.05e-08	40.8
SRR1039508.3324427	sp|P40763|STAT3_HUMAN	100	20	0	0	3	62	508	527	8.22e-08	40.4
SRR1039508.4135848	sp|P08238|HS90B_HUMAN	100	21	0	0	1	63	584	604	1.21e-10	48.5
SRR1039508.2226500	tr|A0AAW1ANN7|A0AAW1ANN7_CROAD	70.0	20	6	0	2	61	127	146	2.36e-05	33.5
SRR1039508.5537631	sp|P40763|STAT3_HUMAN	100	20	0	0	3	62	720	739	1.40e-09	45.4
SRR1039508.17902525	sp|Q92831|KAT2B_HUMAN	90.0	20	2	0	3	62	639	658	9.17e-09	43.1
SRR1039508.19651862	sp|P08238|HS90B_HUMAN	78.9	19	4	0	5	61	124	142	1.89e-06	36.6
SRR1039508.15766872	sp|P51531|SMCA2_HUMAN	95.0	20	1	0	61	2	189	208	1.70e-08	42.4
SRR1039508.14241325	sp|P40763|STAT3_HUMAN	100	21	0	0	63	1	273	293	1.99e-06	36.6
SRR1039508.11320086	sp|P40763|STAT3_HUMAN	52.4	21	10	0	1	63	561	581	7.78e-07	37.7
SRR1039508.7327333	sp|P08238|HS90B_HUMAN	100	20	0	0	3	62	161	180	1.92e-09	45.1
SRR1039508.13089537	sp|P08238|HS90B_HUMAN	100	20	0	0	62	3	22	41	4.40e-08	41.2
SRR1039508.2519968	sp|P40763|STAT3_HUMAN	100	21	0	0	1	63	36	56	4.73e-11	49.7
SRR1039508.11856295	sp|Q9NRY4|RHG35_HUMAN	100	20	0	0	62	3	961	980	7.42e-10	46.2
SRR1039508.16303086	sp|B2RWS6|EP300_MOUSE	94.7	19	1	0	61	5	832	850	7.27e-07	37.7
SRR1039508.4668627	tr|A0A480LKS3|A0A480LKS3_PIG	95.0	20	1	0	62	3	59	78	1.77e-08	42.4
SRR1039508.5941931	sp|P09471|GNAO_HUMAN	85.7	21	3	0	63	1	192	212	2.08e-09	45.1
SRR1039508.13982724	sp|P01116|RASK_HUMAN	100	20	0	0	62	3	25	44	1.48e-09	45.1
SRR1039508.19705594	sp|P08238|HS90B_HUMAN	90.0	20	2	0	2	61	652	671	1.01e-06	37.4
SRR1039508.15679249	sp|P08238|HS90B_HUMAN	95.0	20	1	0	61	2	368	387	1.72e-08	42.4
SRR1039508.16739506	sp|P51531|SMCA2_HUMAN	84.2	19	3	0	2	58	1139	1157	2.85e-07	38.9
SRR1039508.5747884	sp|B2RWS6|EP300_MOUSE	100	21	0	0	1	63	1161	1181	2.04e-12	53.5
SRR1039508.8152088	sp|P08238|HS90B_HUMAN	70.0	20	6	0	62	3	68	87	2.33e-05	33.5
SRR1039508.11530121	sp|Q92993|KAT5_HUMAN	100	19	0	0	58	2	148	166	5.45e-07	38.1
SRR1039508.14942493	sp|P09471|GNAO_HUMAN	95.0	20	1	0	62	3	174	193	2.41e-08	42.0
SRR1039508.19061516	sp|P40763|STAT3_HUMAN	95.0	20	1	0	3	62	493	512	7.51e-10	46.2
SRR1039508.8713884	tr|A0A8I3NIH7|A0A8I3NIH7_CANLF	100	21	0	0	1	63	368	388	6.53e-11	49.3
SRR1039508.22225246	sp|P08238|HS90B_HUMAN	78.9	19	4	0	3	59	592	610	2.59e-06	36.2
SRR1039508.13362594	sp|Q61026|NCOA2_MOUSE	95.0	20	1	0	3	62	397	416	3.18e-08	41.6
SRR1039508.7726422	sp|P08238|HS90B_HUMAN	100	20	0	0	62	3	40	59	4.40e-08	41.2
SRR1039508.18572262	sp|Q9UKL3|C8AP2_HUMAN	100	21	0	0	1	63	1156	1176	1.78e-08	42.4
SRR1039508.21202649	sp|P08238|HS90B_HUMAN	100	20	0	0	3	62	63	82	9.20e-09	43.1
SRR1039508.12475289	sp|P01116|RASK_HUMAN	76.2	21	5	0	63	1	119	139	1.03e-06	37.4
SRR1039508.12987348	sp|P08238|HS90B_HUMAN	95.0	20	1	0	2	61	662	681	9.20e-09	43.1
SRR1039508.19575450	sp|Q64127|TIF1A_MOUSE	100	21	0	0	63	1	416	436	1.47e-09	45.4
SRR1039508.10175599	sp|P08238|HS90B_HUMAN	90.0	20	2	0	62	3	132	151	5.40e-07	38.1
SRR1039508.6461594	sp|B2RWS6|EP300_MOUSE	100	21	0	0	63	1	603	623	2.72e-09	44.7
SRR1039508.21059657	sp|Q9UGP4|LIMD1_HUMAN	55.0	20	9	0	4	63	611	630	3.75e-06	35.8
SRR1039508.10695595	tr|A0A8I3NIH7|A0A8I3NIH7_CANLF	65.0	20	7	0	3	62	253	272	1.02e-06	37.4
SRR1039508.16560417	tr|A0A670JPT3|A0A670JPT3_PODMU	95.0	20	1	0	3	62	174	193	1.94e-09	45.1
SRR1039508.20471177	sp|Q61026|NCOA2_MOUSE	80.0	20	4	0	62	3	942	961	6.57e-06	35.0
SRR1039508.19013129	sp|P51532|SMCA4_HUMAN	95.2	21	1	0	1	63	1138	1158	3.73e-09	44.3
SRR1039508.11444080	sp|P51531|SMCA2_HUMAN	80.0	20	4	0	61	2	1120	1139	5.33e-07	38.1
SRR1039508.7754289	tr|W1PJ14|W1PJ14_AMBTC	90.5	21	2	0	63	1	533	553	8.91e-11	48.9
SRR1039508.11967575	sp|P08238|HS90B_HUMAN	100	20	0	0	61	2	153	172	7.52e-10	46.2
SRR1039508.11001762	sp|P09471|GNAO_HUMAN	76.2	21	5	0	63	1	68	88	4.71e-05	32.7
SRR1039508.15714988	sp|Q15788|NCOA1_HUMAN	100	20	0	0	61	2	490	509	6.64e-09	43.5
SRR1039508.5211763	sp|P08238|HS90B_HUMAN	90.0	20	2	0	2	61	652	671	1.01e-06	37.4
SRR1039508.9740341	sp|O43889|CREB3_HUMAN	100	20	0	0	2	61	29	48	7.71e-10	46.2
SRR1039508.19097702	sp|P08238|HS90B_HUMAN	100	21	0	0	63	1	33	53	5.18e-09	43.9
SRR1039508.14776715	sp|Q64127|TIF1A_MOUSE	85.0	20	3	0	61	2	798	817	1.53e-07	39.7
SRR1039508.12238175	sp|P40763|STAT3_HUMAN	100	21	0	0	63	1	514	534	6.34e-08	40.8
SRR1039508.1882278	tr|W1PJ14|W1PJ14_AMBTC	89.5	19	2	0	60	4	542	560	6.37e-08	40.8
SRR1039508.17588640	tr|A0A8I3NIH7|A0A8I3NIH7_CANLF	95.2	21	1	0	63	1	445	465	4.67e-08	41.2
SRR1039508.16452781	sp|Q925J9|MED1_MOUSE	95.0	20	1	0	62	3	1551	1570	1.24e-08	42.7
SRR1039508.7375033	sp|P08238|HS90B_HUMAN	100	20	0	0	62	3	678	697	9.20e-09	43.1
SRR1039508.1955850	sp|Q92831|KAT2B_HUMAN	100	20	0	0	62	3	518	537	1.40e-09	45.4
SRR1039508.6806879	sp|P08238|HS90B_HUMAN	73.3	15	4	0	63	19	80	94	7.82e-04	29.3
SRR1039508.5581805	sp|P08238|HS90B_HUMAN	76.2	21	5	0	1	63	492	512	7.79e-07	37.7
SRR1039508.10417451	sp|P08238|HS90B_HUMAN	81.0	21	4	0	1	63	435	455	7.79e-07	37.7
SRR1039508.2578526	sp|P09471|GNAO_HUMAN	52.4	21	10	0	1	63	190	210	4.25e-04	30.0
SRR1039508.20419435	sp|P40763|STAT3_HUMAN	100	20	0	0	61	2	700	719	1.92e-09	45.1
SRR1039508.14869522	sp|P08238|HS90B_HUMAN	90.5	21	2	0	1	63	365	385	1.08e-09	45.8
SRR1039508.18718754	sp|P08238|HS90B_HUMAN	80.0	20	4	0	2	61	678	697	3.95e-07	38.5
SRR1039508.13465292	tr|W1PJ14|W1PJ14_AMBTC	85.0	20	3	0	61	2	538	557	5.42e-07	38.1
SRR1039508.5098818	tr|A0A287B3I8|A0A287B3I8_PIG	88.2	17	2	0	51	1	358	374	2.01e-06	36.6
SRR1039508.20545410	sp|B2RWS6|EP300_MOUSE	95.0	20	1	0	62	3	1108	1127	6.77e-12	52.0
SRR1039508.2842694	sp|P08238|HS90B_HUMAN	100	21	0	0	1	63	361	381	8.86e-11	48.9
SRR1039508.20535934	sp|P09471|GNAO_HUMAN	81.0	21	4	0	1	63	142	162	4.26e-07	38.5
SRR1039508.6617720	sp|P51532|SMCA4_HUMAN	100	20	0	0	2	61	1102	1121	7.41e-10	46.2
SRR1039508.2615579	sp|P09471|GNAO_HUMAN	75.0	20	5	0	61	2	50	69	3.63e-06	35.8
SRR1039508.22334882	sp|P51532|SMCA4_HUMAN	100	20	0	0	62	3	817	836	6.07e-11	49.3
SRR1039508.341351	sp|P08238|HS90B_HUMAN	78.9	19	4	0	60	4	706	724	7.01e-06	35.0
SRR1039508.21006643	sp|P08238|HS90B_HUMAN	100	21	0	0	1	63	21	41	8.68e-08	40.4
SRR1039508.11750151	sp|P19793|RXRA_HUMAN	100	20	0	0	2	61	226	245	8.35e-08	40.4
SRR1039508.13862382	sp|P40763|STAT3_HUMAN	100	20	0	0	61	2	461	480	5.49e-10	46.6
SRR1039508.8389401	sp|B2RWS6|EP300_MOUSE	100	21	0	0	1	63	1711	1731	8.54e-08	40.4
SRR1039508.6031370	sp|P08238|HS90B_HUMAN	100	21	0	0	1	63	314	334	4.23e-10	47.0
SRR1039508.4818179	sp|P10275|ANDR_HUMAN	100	20	0	0	61	2	417	436	9.04e-06	34.7
SRR1039508.12463975	tr|W1PJ14|W1PJ14_AMBTC	61.9	21	8	0	1	63	497	517	1.32e-05	34.3
SRR1039508.547130	sp|P51531|SMCA2_HUMAN	100	21	0	0	63	1	1071	1091	7.81e-10	46.2
SRR1039508.4180423	sp|Q92831|KAT2B_HUMAN	100	21	0	0	63	1	698	718	6.46e-11	49.3
SRR1039508.7943328	tr|A0A480LKS3|A0A480LKS3_PIG	100	20	0	0	61	2	104	123	1.45e-09	45.4
SRR1039508.20409804	sp|Q64127|TIF1A_MOUSE	95.0	20	1	0	61	2	592	611	2.61e-09	44.7
SRR1039508.22328687	sp|P08238|HS90B_HUMAN	73.7	19	5	0	62	6	513	531	4.40e-08	41.2
SRR1039508.17100245	sp|Q969H0|FBXW7_HUMAN	90.5	21	2	0	63	1	180	200	6.35e-08	40.8
SRR1039508.22437531	sp|P42345|MTOR_HUMAN	100	20	0	0	61	2	2311	2330	1.89e-09	45.1
SRR1039508.10501826	sp|Q61026|NCOA2_MOUSE	95.0	20	1	0	3	62	586	605	1.90e-09	45.1
SRR1039508.13710556	sp|P28704|RXRB_MOUSE	100	20	0	0	61	2	179	198	4.07e-10	47.0
SRR1039508.18295099	sp|P09471|GNAO_HUMAN	76.2	21	5	0	1	63	141	161	4.26e-07	38.5
SRR1039508.19031281	sp|P08238|HS90B_HUMAN	88.9	18	2	0	55	2	307	324	3.22e-08	41.6
SRR1039508.7849202	sp|P01116|RASK_HUMAN	68.4	19	6	0	62	6	55	73	6.17e-05	32.3
SRR1039508.17768214	tr|W1PJ14|W1PJ14_AMBTC	65.0	20	7	0	1	60	466	485	1.63e-04	31.2
SRR1039508.8640180	tr|W1PJ14|W1PJ14_AMBTC	60.0	20	8	0	1	60	498	517	6.34e-05	32.3
SRR1039508.19951849	sp|P08238|HS90B_HUMAN	100	21	0	0	1	63	495	515	2.77e-09	44.7
SRR1039508.4409370	sp|Q9NRY4|RHG35_HUMAN	100	20	0	0	2	61	196	215	1.39e-09	45.4
SRR1039508.9696876	sp|P08238|HS90B_HUMAN	95.0	20	1	0	62	3	583	602	1.41e-09	45.4
SRR1039508.11863975	sp|P01116|RASK_HUMAN	95.0	20	1	0	3	62	96	115	7.61e-09	43.1
SRR1039508.4535265	sp|P08238|HS90B_HUMAN	90.0	20	2	0	63	4	426	445	2.48e-08	42.0
SRR1039508.11487272	sp|P08238|HS90B_HUMAN	100	20	0	0	61	2	690	709	8.24e-08	40.4
SRR1039508.14317625	sp|P28704|RXRB_MOUSE	100	21	0	0	63	1	365	385	7.15e-09	43.5
SRR1039508.15418097	sp|P08238|HS90B_HUMAN	80.0	20	4	0	62	3	374	393	8.24e-08	40.4
SRR1039508.12152201	sp|P28704|RXRB_MOUSE	100	20	0	0	3	62	165	184	4.56e-11	49.7
SRR1039508.21779266	tr|W1PJ14|W1PJ14_AMBTC	68.4	19	6	0	3	59	467	485	8.22e-05	32.0
SRR1039508.20660350	sp|P51532|SMCA4_HUMAN	100	19	0	0	58	2	472	490	1.24e-08	42.7
SRR1039508.6377798	sp|P08238|HS90B_HUMAN	100	20	0	0	2	61	665	684	1.03e-09	45.8
SRR1039508.7358219	tr|A0A670JPT3|A0A670JPT3_PODMU	100	20	0	0	61	2	180	199	7.61e-10	46.2
SRR1039508.10783354	sp|Q15788|NCOA1_HUMAN	100	20	0	0	62	3	1160	1179	1.01e-09	45.8
SRR1039508.16290411	sp|P42345|MTOR_HUMAN	90.0	20	2	0	61	2	1459	1478	8.09e-08	40.4
SRR1039508.4424485	sp|P08238|HS90B_HUMAN	100	20	0	0	2	61	628	647	1.92e-09	45.1
SRR1039508.1208811	sp|P51532|SMCA4_HUMAN	100	21	0	0	1	63	1190	1210	1.07e-09	45.8
SRR1039508.19522726	tr|W1PJ14|W1PJ14_AMBTC	57.1	21	9	0	1	63	472	492	4.63e-05	32.7
SRR1039508.9168361	tr|W1PJ14|W1PJ14_AMBTC	85.7	21	3	0	1	63	536	556	7.12e-09	43.5
SRR1039508.155655	tr|A0A670JPT3|A0A670JPT3_PODMU	100	20	0	0	61	2	381	400	1.04e-09	45.8
SRR1039508.11300549	sp|P08238|HS90B_HUMAN	100	20	0	0	61	2	586	605	2.94e-10	47.4
SRR1039508.8885290	sp|P01116|RASK_HUMAN	100	20	0	0	2	61	53	72	3.96e-09	43.9
SRR1039508.3515911	sp|P09471|GNAO_HUMAN	85.0	20	3	0	3	62	191	210	1.29e-08	42.7
SRR1039508.11361664	sp|P42345|MTOR_HUMAN	100	21	0	0	1	63	314	334	2.72e-09	44.7
SRR1039508.6444323	sp|P08238|HS90B_HUMAN	100	20	0	0	61	2	53	72	9.20e-09	43.1
SRR1039508.2324288	tr|W1PJ14|W1PJ14_AMBTC	85.0	20	3	0	61	2	538	557	5.42e-07	38.1
SRR1039508.11229573	sp|P08238|HS90B_HUMAN	95.0	20	1	0	61	2	139	158	6.73e-09	43.5
SRR1039508.12922597	sp|Q64127|TIF1A_MOUSE	100	20	0	0	2	61	222	241	1.75e-11	50.8
SRR1039508.14034963	sp|P08238|HS90B_HUMAN	100	20	0	0	2	61	27	46	6.02e-08	40.8
SRR1039508.5656517	tr|A0A670JPT3|A0A670JPT3_PODMU	85.0	20	3	0	4	63	128	147	2.50e-08	42.0
SRR1039508.6157236	sp|P08238|HS90B_HUMAN	95.0	20	1	0	2	61	38	57	8.24e-08	40.4
SRR1039508.19006632	tr|W1PJ14|W1PJ14_AMBTC	85.0	20	3	0	2	61	531	550	2.90e-07	38.9
SRR1039508.14437977	sp|P08238|HS90B_HUMAN	85.7	21	3	0	63	1	507	527	5.18e-09	43.9
SRR1039508.7462027	sp|P09471|GNAO_HUMAN	64.7	17	6	0	53	3	195	211	2.14e-04	30.8
SRR1039508.5503550	sp|O35973|PER1_MOUSE	70.0	20	6	0	61	2	118	137	5.35e-04	29.6
SRR1039508.22107638	sp|P40763|STAT3_HUMAN	95.0	20	1	0	61	2	475	494	4.91e-09	43.9
SRR1039508.20433091	tr|W1PJ14|W1PJ14_AMBTC	73.7	19	5	0	5	61	492	510	1.25e-05	34.3
SRR1039508.13558800	sp|P08238|HS90B_HUMAN	71.4	21	6	0	63	1	90	110	5.12e-06	35.4
SRR1039508.11000810	tr|A0AA88PK51|A0AA88PK51_9TELE	78.9	19	4	0	62	6	878	896	5.35e-07	38.1
SRR1039508.21001312	sp|P51532|SMCA4_HUMAN	100	21	0	0	1	63	1375	1395	2.00e-09	45.1
SRR1039508.18487432	sp|B2RWS6|EP300_MOUSE	100	20	0	0	62	3	1357	1376	1.38e-09	45.4
SRR1039508.22648952	sp|P01116|RASK_HUMAN	66.7	18	6	0	8	61	4	21	4.11e-04	30.0
SRR1039508.9763791	sp|P51532|SMCA4_HUMAN	100	20	0	0	61	2	166	185	2.59e-09	44.7
SRR1039508.9158757	sp|P42345|MTOR_HUMAN	100	20	0	0	61	2	1875	1894	1.23e-08	42.7
SRR1039508.9963406	sp|P51531|SMCA2_HUMAN	100	18	0	0	1	54	625	642	3.70e-06	35.8
SRR1039508.12883606	sp|P42345|MTOR_HUMAN	100	20	0	0	2	61	351	370	7.38e-10	46.2
SRR1039508.4703801	sp|P08238|HS90B_HUMAN	95.2	21	1	0	63	1	670	690	3.10e-10	47.4
SRR1039508.19162844	sp|B2RWS6|EP300_MOUSE	78.9	19	4	0	57	1	547	565	1.77e-05	33.9
SRR1039508.16450484	sp|B2RWS6|EP300_MOUSE	100	21	0	0	1	63	2075	2095	1.30e-08	42.7
SRR1039508.9868689	sp|Q64127|TIF1A_MOUSE	66.7	18	6	0	58	5	929	946	2.86e-04	30.4
SRR1039508.22405844	sp|P08238|HS90B_HUMAN	90.5	21	2	0	63	1	130	150	1.81e-08	42.4
SRR1039508.1340928	tr|A0A8I3NIH7|A0A8I3NIH7_CANLF	70.0	20	6	0	1	60	264	283	2.01e-06	36.6
SRR1039508.1869386	sp|P08238|HS90B_HUMAN	80.0	20	4	0	3	62	440	459	5.40e-07	38.1
SRR1039508.10763455	tr|W1PJ14|W1PJ14_AMBTC	83.3	18	3	0	61	8	547	564	2.90e-07	38.9
SRR1039508.2851742	sp|Q9UGP4|LIMD1_HUMAN	50.0	18	9	0	56	3	609	626	5.40e-04	29.6
SRR1039508.16362048	sp|P08238|HS90B_HUMAN	100	21	0	0	1	63	508	528	1.21e-10	48.5
SRR1039508.17546281	sp|P08238|HS90B_HUMAN	60.0	20	8	0	3	62	499	518	9.09e-06	34.7
SRR1039508.15077849	sp|P09471|GNAO_HUMAN	80.0	20	4	0	2	61	204	223	1.77e-08	42.4
SRR1039508.6196616	sp|P08238|HS90B_HUMAN	85.0	20	3	0	2	61	649	668	2.59e-06	36.2
SRR1039508.756794	sp|P08238|HS90B_HUMAN	85.0	20	3	0	3	62	167	186	2.88e-07	38.9
SRR1039508.15515987	sp|P08238|HS90B_HUMAN	85.7	21	3	0	63	1	537	557	4.17e-04	30.0
SRR1039508.14550456	sp|Q96H86|ZN764_HUMAN	100	13	0	0	1	39	192	204	1.83e-05	33.9
SRR1039508.6097754	sp|Q15788|NCOA1_HUMAN	100	17	0	0	3	53	1369	1385	1.87e-06	36.6
SRR1039508.19663631	sp|P08238|HS90B_HUMAN	75.0	20	5	0	61	2	376	395	5.40e-07	38.1
SRR1039508.9782400	sp|P01116|RASK_HUMAN	65.0	20	7	0	2	61	56	75	3.27e-05	33.1
SRR1039508.10707024	sp|Q92831|KAT2B_HUMAN	100	20	0	0	62	3	706	725	3.58e-09	44.3
SRR1039508.4017701	sp|P40763|STAT3_HUMAN	100	20	0	0	2	61	37	56	4.02e-10	47.0
SRR1039508.22698730	sp|P20815|CP3A5_HUMAN	90.0	20	2	0	61	2	185	204	8.33e-08	40.4
SRR1039508.12008207	sp|P08238|HS90B_HUMAN	85.0	20	3	0	62	3	59	78	2.88e-07	38.9
SRR1039508.11519562	sp|P08238|HS90B_HUMAN	100	20	0	0	2	61	420	439	1.72e-08	42.4
SRR1039508.4709617	sp|P08238|HS90B_HUMAN	100	21	0	0	1	63	117	137	2.77e-09	44.7
SRR1039508.2404091	tr|A0A670JPT3|A0A670JPT3_PODMU	100	20	0	0	61	2	185	204	4.56e-11	49.7
SRR1039508.19333124	tr|A0AA88PK51|A0AA88PK51_9TELE	76.5	17	4	0	51	1	974	990	1.78e-05	33.9
SRR1039508.1503326	sp|Q92831|KAT2B_HUMAN	100	20	0	0	3	62	665	684	3.18e-05	33.1
SRR1039508.16115660	tr|A0A480PNE7|A0A480PNE7_PIG	90.0	20	2	0	62	3	149	168	1.02e-06	37.4
SRR1039508.14553365	sp|P08238|HS90B_HUMAN	100	20	0	0	62	3	551	570	6.02e-08	40.8
SRR1039508.4363962	sp|P01116|RASK_HUMAN	52.4	21	10	0	63	1	44	64	1.68e-04	31.2
SRR1039508.18020925	sp|P08238|HS90B_HUMAN	90.0	20	2	0	61	2	41	60	6.64e-06	35.0
SRR1039508.14038574	sp|P08238|HS90B_HUMAN	95.0	20	1	0	2	61	33	52	8.24e-08	40.4
SRR1039508.16282933	sp|P08238|HS90B_HUMAN	73.7	19	5	0	61	5	706	724	1.12e-04	31.6
SRR1039508.13017324	sp|P40763|STAT3_HUMAN	100	21	0	0	1	63	357	377	5.78e-10	46.6
SRR1039508.16265529	sp|B2RWS6|EP300_MOUSE	90.5	21	2	0	1	63	1484	1504	1.30e-08	42.7
SRR1039508.6350188	sp|Q15788|NCOA1_HUMAN	100	14	0	0	61	20	1048	1061	3.90e-04	30.0
SRR1039508.15754457	tr|W1PJ14|W1PJ14_AMBTC	88.2	17	2	0	61	11	547	563	5.42e-07	38.1
SRR1039508.9991768	sp|P08238|HS90B_HUMAN	100	21	0	0	1	63	341	361	5.18e-09	43.9
SRR1039508.4159180	sp|P08238|HS90B_HUMAN	100	20	0	0	62	3	209	228	4.92e-09	43.9
SRR1039508.15373148	sp|Q92831|KAT2B_HUMAN	81.0	21	4	0	63	1	306	326	9.57e-06	34.7
SRR1039508.2035370	sp|P51531|SMCA2_HUMAN	100	20	0	0	3	62	520	539	5.94e-08	40.8
SRR1039508.19719886	sp|P51531|SMCA2_HUMAN	100	20	0	0	62	3	1076	1095	9.07e-09	43.1
SRR1039508.2190959	sp|Q64127|TIF1A_MOUSE	80.0	20	4	0	3	62	184	203	1.25e-08	42.7
SRR1039508.19092465	sp|Q92993|KAT5_HUMAN	100	20	0	0	61	2	34	53	5.56e-10	46.6
SRR1039508.19484914	sp|P40763|STAT3_HUMAN	100	20	0	0	2	61	733	752	9.18e-09	43.1
SRR1039508.19584650	sp|P08238|HS90B_HUMAN	100	20	0	0	62	3	342	361	1.72e-08	42.4
SRR1039508.18377858	tr|W1PJ14|W1PJ14_AMBTC	81.0	21	4	0	63	1	537	557	4.66e-08	41.2
SRR1039508.12272059	sp|P08238|HS90B_HUMAN	100	17	0	0	2	52	380	396	2.59e-06	36.2
SRR1039508.9347756	sp|P51531|SMCA2_HUMAN	100	20	0	0	61	2	726	745	3.96e-10	47.0
SRR1039508.3017801	sp|Q92831|KAT2B_HUMAN	89.5	19	2	0	2	58	695	713	9.17e-09	43.1
SRR1039508.12787984	sp|P08238|HS90B_HUMAN	95.0	20	1	0	61	2	340	359	1.72e-08	42.4
SRR1039508.4266120	sp|P08238|HS90B_HUMAN	76.5	17	4	0	58	8	129	145	2.88e-04	30.4
SRR1039508.22541520	tr|W1PJ14|W1PJ14_AMBTC	60.0	20	8	0	3	62	498	517	6.00e-05	32.3
SRR1039508.21183753	sp|P51532|SMCA4_HUMAN	80.0	20	4	0	3	62	1175	1194	1.52e-07	39.7
SRR1039508.8972437	sp|P08238|HS90B_HUMAN	90.0	20	2	0	4	63	170	189	9.69e-09	43.1
SRR1039508.15534522	sp|P09471|GNAO_HUMAN	71.4	21	6	0	63	1	285	305	1.66e-07	39.7
SRR1039508.11905420	sp|Q15788|NCOA1_HUMAN	100	20	0	0	3	62	1059	1078	7.30e-07	37.7
SRR1039508.13897362	tr|W1PJ14|W1PJ14_AMBTC	85.7	21	3	0	1	63	539	559	7.12e-09	43.5
SRR1039508.20887892	sp|P51531|SMCA2_HUMAN	100	20	0	0	3	62	580	599	4.85e-09	43.9
SRR1039508.10280824	sp|P01116|RASK_HUMAN	65.0	20	7	0	62	3	37	56	1.59e-04	31.2
SRR1039508.5027409	sp|P08238|HS90B_HUMAN	95.0	20	1	0	3	62	129	148	8.24e-08	40.4
SRR1039508.10841911	sp|P28704|RXRB_MOUSE	100	20	0	0	61	2	206	225	8.52e-11	48.9
SRR1039508.11064212	sp|P40763|STAT3_HUMAN	100	21	0	0	1	63	466	486	2.84e-12	53.1
SRR1039508.16175599	tr|A0A480LKS3|A0A480LKS3_PIG	95.0	20	1	0	61	2	185	204	4.06e-07	38.5
SRR1039508.15615008	sp|P08238|HS90B_HUMAN	75.0	20	5	0	2	61	73	92	1.24e-05	34.3
SRR1039508.13808687	sp|P08238|HS90B_HUMAN	100	20	0	0	2	61	388	407	3.95e-07	38.5
SRR1039508.4476754	sp|P09471|GNAO_HUMAN	85.7	21	3	0	63	1	215	235	1.49e-06	37.0
SRR1039508.15052423	sp|Q92831|KAT2B_HUMAN	84.2	19	3	0	59	3	146	164	2.58e-06	36.2
SRR1039508.6861429	sp|Q9NRY4|RHG35_HUMAN	100	20	0	0	61	2	18	37	1.39e-09	45.4
SRR1039508.16990823	sp|P08238|HS90B_HUMAN	85.0	20	3	0	62	3	480	499	2.11e-07	39.3
SRR1039508.20362885	sp|P08238|HS90B_HUMAN	100	20	0	0	61	2	50	69	4.92e-09	43.9
SRR1039508.19637517	sp|P08238|HS90B_HUMAN	100	20	0	0	61	2	397	416	1.54e-07	39.7
SRR1039508.19392113	sp|Q92993|KAT5_HUMAN	100	21	0	0	63	1	190	210	9.78e-09	43.1
SRR1039508.4788353	tr|W1PJ14|W1PJ14_AMBTC	85.7	21	3	0	1	63	528	548	1.82e-08	42.4
SRR1039508.8937985	tr|A0A480LKS3|A0A480LKS3_PIG	100	20	0	0	61	2	116	135	9.58e-12	51.6
SRR1039508.5102866	sp|Q925J9|MED1_MOUSE	100	20	0	0	3	62	1191	1210	5.94e-08	40.8
SRR1039508.22033550	sp|P10275|ANDR_HUMAN	76.5	17	4	0	3	53	739	755	4.35e-05	32.7
SRR1039508.13384899	sp|P08238|HS90B_HUMAN	95.2	21	1	0	1	63	137	157	5.79e-10	46.6
SRR1039508.11255825	tr|A0AA88PK51|A0AA88PK51_9TELE	89.5	19	2	0	2	58	1010	1028	2.09e-07	39.3
SRR1039508.11367942	sp|P09471|GNAO_HUMAN	70.0	20	6	0	3	62	67	86	2.93e-04	30.4
SRR1039508.6081780	sp|Q92831|KAT2B_HUMAN	90.0	20	2	0	63	4	217	236	4.62e-08	41.2
SRR1039508.13699796	sp|P09471|GNAO_HUMAN	65.0	20	7	0	3	62	7	26	7.53e-04	29.3
SRR1039508.10844102	sp|B2RWS6|EP300_MOUSE	95.0	20	1	0	61	2	1584	1603	4.33e-08	41.2
SRR1039508.8003274	sp|P08238|HS90B_HUMAN	85.0	20	3	0	62	3	59	78	2.88e-07	38.9
SRR1039508.279290	sp|P40763|STAT3_HUMAN	100	20	0	0	62	3	217	236	5.39e-07	38.1
SRR1039508.7962156	sp|P08238|HS90B_HUMAN	95.0	20	1	0	61	2	128	147	8.24e-08	40.4
SRR1039508.3935871	sp|P40763|STAT3_HUMAN	100	20	0	0	2	61	683	702	2.15e-10	47.8
SRR1039508.4348892	sp|O43889|CREB3_HUMAN	100	21	0	0	63	1	272	292	1.52e-09	45.4
SRR1039508.8519429	sp|P51532|SMCA4_HUMAN	100	20	0	0	61	2	1016	1035	3.17e-08	41.6
SRR1039508.21945067	tr|A0A7K9JLY2|A0A7K9JLY2_9PASE	73.7	19	5	0	3	59	14	32	7.69e-08	40.4
SRR1039508.584458	sp|P51531|SMCA2_HUMAN	100	21	0	0	63	1	473	493	3.74e-09	44.3
SRR1039508.11775510	sp|P08238|HS90B_HUMAN	100	20	0	0	62	3	665	684	1.03e-09	45.8
SRR1039508.6958099	sp|P08238|HS90B_HUMAN	100	21	0	0	63	1	393	413	1.19e-07	40.0
SRR1039508.21742897	sp|P51531|SMCA2_HUMAN	100	20	0	0	3	62	1367	1386	5.94e-08	40.8
SRR1039508.12698799	sp|P20815|CP3A5_HUMAN	70.0	20	6	0	62	3	382	401	1.72e-05	33.9
SRR1039508.3962693	sp|P08238|HS90B_HUMAN	100	20	0	0	2	61	386	405	3.95e-07	38.5
SRR1039508.13923845	tr|Q4H2U9|Q4H2U9_CIOIN	81.0	21	4	0	63	1	175	195	7.16e-09	43.5
SRR1039508.5293361	sp|O43889|CREB3_HUMAN	100	20	0	0	2	61	338	357	3.38e-11	50.1
SRR1039508.19988804	sp|P51531|SMCA2_HUMAN	100	21	0	0	63	1	906	926	1.83e-11	50.8
SRR1039508.389519	sp|P08238|HS90B_HUMAN	76.2	21	5	0	63	1	561	581	7.01e-06	35.0
SRR1039508.22755840	tr|W1PJ14|W1PJ14_AMBTC	85.0	20	3	0	61	2	537	556	6.05e-08	40.8
SRR1039508.11588348	sp|P08238|HS90B_HUMAN	100	20	0	0	61	2	88	107	9.20e-09	43.1
SRR1039508.12588105	sp|P08238|HS90B_HUMAN	100	20	0	0	2	61	312	331	1.15e-10	48.5
SRR1039508.21324031	tr|A8QZ77|A8QZ77_MAIZE	75.0	20	5	0	61	2	116	135	4.35e-09	43.5
SRR1039508.1624367	tr|A0A480LKS3|A0A480LKS3_PIG	90.0	20	2	0	2	61	6	25	3.27e-05	33.1
SRR1039508.12043804	tr|W1PJ14|W1PJ14_AMBTC	66.7	21	7	0	1	63	493	513	5.14e-06	35.4
SRR1039508.5801149	tr|A2BGS7|A2BGS7_DANRE	75.0	16	4	0	2	49	114	129	2.19e-04	30.8
SRR1039508.21110606	sp|P08238|HS90B_HUMAN	100	16	0	0	16	63	272	287	2.46e-05	33.5
SRR1039508.9270801	sp|P08238|HS90B_HUMAN	100	21	0	0	1	63	26	46	5.18e-09	43.9
SRR1039508.4981992	sp|Q15788|NCOA1_HUMAN	100	20	0	0	62	3	213	232	1.90e-09	45.1
SRR1039508.5376984	sp|P40763|STAT3_HUMAN	100	20	0	0	3	62	74	93	2.35e-08	42.0
SRR1039508.21931133	sp|P10275|ANDR_HUMAN	100	21	0	0	63	1	634	654	2.47e-08	42.0
SRR1039508.6133790	sp|P51531|SMCA2_HUMAN	100	20	0	0	62	3	1464	1483	7.41e-10	46.2
SRR1039508.14088235	sp|P08238|HS90B_HUMAN	100	21	0	0	1	63	386	406	2.22e-07	39.3
SRR1039508.10914259	sp|P08238|HS90B_HUMAN	100	19	0	0	2	58	534	552	2.59e-06	36.2
SRR1039508.19717015	sp|P08238|HS90B_HUMAN	88.9	18	2	0	61	8	677	694	5.40e-07	38.1
SRR1039508.6704291	sp|P08238|HS90B_HUMAN	100	21	0	0	63	1	429	449	1.21e-10	48.5
SRR1039508.10125456	sp|P40763|STAT3_HUMAN	100	20	0	0	3	62	231	250	4.40e-08	41.2
SRR1039508.21963658	sp|P08238|HS90B_HUMAN	100	20	0	0	3	62	28	47	1.26e-08	42.7
SRR1039508.3734901	sp|P08238|HS90B_HUMAN	70.0	20	6	0	62	3	124	143	4.85e-06	35.4
SRR1039508.19843540	sp|P08238|HS90B_HUMAN	70.0	20	6	0	60	1	121	140	4.61e-05	32.7
SRR1039508.5711673	sp|P09471|GNAO_HUMAN	68.4	19	6	0	57	1	195	213	1.49e-06	37.0
SRR1039508.9975529	sp|P08238|HS90B_HUMAN	81.0	21	4	0	1	63	210	230	4.64e-08	41.2
SRR1039508.11712076	sp|P09471|GNAO_HUMAN	89.5	19	2	0	3	59	214	232	1.16e-07	40.0
SRR1039508.16427718	sp|P08238|HS90B_HUMAN	85.0	20	3	0	61	2	200	219	2.35e-08	42.0
SRR1039508.20449048	sp|B2RWS6|EP300_MOUSE	100	20	0	0	3	62	1500	1519	8.26e-11	48.9
SRR1039508.7903681	tr|W1PJ14|W1PJ14_AMBTC	60.0	20	8	0	2	61	473	492	7.42e-04	29.3
SRR1039508.4172792	sp|P40763|STAT3_HUMAN	100	20	0	0	61	2	246	265	6.15e-11	49.3
SRR1039508.22619206	sp|P08238|HS90B_HUMAN	100	20	0	0	61	2	127	146	1.72e-08	42.4
SRR1039508.13361747	sp|P08238|HS90B_HUMAN	100	20	0	0	3	62	120	139	1.72e-08	42.4
SRR1039508.270383	sp|P08238|HS90B_HUMAN	100	20	0	0	62	3	179	198	8.24e-08	40.4
SRR1039508.7403611	sp|P08238|HS90B_HUMAN	100	16	0	0	2	49	709	724	4.85e-06	35.4
SRR1039508.6631524	sp|Q92993|KAT5_HUMAN	100	20	0	0	2	61	411	430	2.38e-08	42.0
SRR1039508.2215543	sp|P01116|RASK_HUMAN	61.9	21	8	0	1	63	90	110	8.15e-04	29.3
SRR1039508.11446589	sp|P40763|STAT3_HUMAN	58.8	17	7	0	5	55	27	43	8.18e-05	32.0
SRR1039508.15412007	sp|P09471|GNAO_HUMAN	85.7	21	3	0	63	1	188	208	1.11e-09	45.8
SRR1039508.4494831	tr|W1PJ14|W1PJ14_AMBTC	90.0	20	2	0	61	2	532	551	2.64e-09	44.7
SRR1039508.4104166	sp|B2RWS6|EP300_MOUSE	85.0	20	3	0	61	2	1812	1831	2.84e-04	30.4
SRR1039508.5328633	sp|P42345|MTOR_HUMAN	100	20	0	0	62	3	892	911	1.13e-10	48.5
SRR1039508.267082	sp|P40763|STAT3_HUMAN	60.0	20	8	0	63	4	29	48	3.37e-05	33.1
SRR1039508.17233303	sp|P20815|CP3A5_HUMAN	71.4	21	6	0	63	1	382	402	1.47e-06	37.0
SRR1039508.14339274	sp|P08238|HS90B_HUMAN	100	20	0	0	2	61	110	129	2.35e-08	42.0
SRR1039508.8516328	sp|P08238|HS90B_HUMAN	100	21	0	0	63	1	98	118	7.08e-09	43.5
SRR1039508.7099131	sp|P40763|STAT3_HUMAN	100	21	0	0	1	63	250	270	5.31e-12	52.4
SRR1039508.807039	sp|P09471|GNAO_HUMAN	66.7	21	7	0	1	63	161	181	6.44e-05	32.3
SRR1039508.3423168	sp|P40763|STAT3_HUMAN	100	18	0	0	55	2	512	529	3.54e-06	35.8
SRR1039508.15874869	sp|P08238|HS90B_HUMAN	95.0	20	1	0	2	61	273	292	4.92e-09	43.9
SRR1039508.21545832	tr|A0A670JPT3|A0A670JPT3_PODMU	100	20	0	0	62	3	307	326	1.14e-07	40.0
SRR1039508.962886	sp|P08238|HS90B_HUMAN	95.2	21	1	0	63	1	341	361	7.08e-09	43.5
SRR1039508.5868960	sp|P08238|HS90B_HUMAN	57.9	19	8	0	58	2	496	514	3.94e-04	30.0
SRR1039508.10700362	sp|P09471|GNAO_HUMAN	90.0	20	2	0	3	62	251	270	8.45e-08	40.4
SRR1039508.14793058	sp|O43889|CREB3_HUMAN	100	20	0	0	3	62	305	324	5.64e-10	46.6
SRR1039508.622147	sp|P08238|HS90B_HUMAN	95.0	20	1	0	62	3	34	53	5.40e-07	38.1
SRR1039508.14202487	sp|P08238|HS90B_HUMAN	73.7	19	5	0	1	57	513	531	6.35e-08	40.8
SRR1039508.15183602	sp|P08238|HS90B_HUMAN	95.0	20	1	0	3	62	613	632	3.60e-09	44.3
SRR1039508.17323467	sp|P08238|HS90B_HUMAN	95.0	20	1	0	3	62	45	64	1.54e-07	39.7
SRR1039508.3091190	sp|P08238|HS90B_HUMAN	100	20	0	0	3	62	503	522	4.02e-10	47.0
SRR1039508.1797818	sp|P01116|RASK_HUMAN	70.0	20	6	0	3	62	103	122	1.16e-04	31.6
SRR1039508.13182028	tr|A0A480LKS3|A0A480LKS3_PIG	100	20	0	0	62	3	284	303	2.71e-09	44.7
SRR1039508.21710581	sp|O43889|CREB3_HUMAN	100	21	0	0	63	1	103	123	3.47e-08	41.6
SRR1039508.13666929	tr|A0A480LKS3|A0A480LKS3_PIG	100	21	0	0	63	1	85	105	7.29e-09	43.5
SRR1039508.20715640	sp|P28704|RXRB_MOUSE	100	21	0	0	63	1	365	385	7.15e-09	43.5
SRR1039508.18928530	sp|Q15788|NCOA1_HUMAN	95.0	20	1	0	61	2	514	533	1.52e-07	39.7
SRR1039508.17508463	tr|W1PJ14|W1PJ14_AMBTC	65.0	20	7	0	1	60	466	485	1.63e-04	31.2
SRR1039508.13330575	tr|W1PJ14|W1PJ14_AMBTC	84.2	19	3	0	7	63	528	546	3.05e-07	38.9
SRR1039508.17750331	sp|P08238|HS90B_HUMAN	85.0	20	3	0	62	3	509	528	4.40e-08	41.2
SRR1039508.18092838	sp|B2RWS6|EP300_MOUSE	80.0	20	4	0	4	63	762	781	6.91e-06	35.0
SRR1039508.14946953	sp|P09471|GNAO_HUMAN	90.5	21	2	0	1	63	266	286	8.89e-08	40.4
SRR1039508.17305105	tr|W1PJ14|W1PJ14_AMBTC	81.0	21	4	0	63	1	537	557	1.19e-07	40.0
SRR1039508.9461527	sp|P09471|GNAO_HUMAN	80.0	20	4	0	2	61	25	44	4.46e-05	32.7
SRR1039508.16763818	sp|P08238|HS90B_HUMAN	85.0	20	3	0	62	3	615	634	5.40e-07	38.1
SRR1039508.14458066	sp|P40763|STAT3_HUMAN	65.0	20	7	0	2	61	471	490	1.38e-06	37.0
SRR1039508.18164390	tr|W1PJ14|W1PJ14_AMBTC	65.0	20	7	0	3	62	495	514	4.87e-06	35.4
SRR1039508.22467934	sp|Q15788|NCOA1_HUMAN	100	21	0	0	63	1	513	533	9.57e-09	43.1
SRR1039508.1611160	sp|Q92831|KAT2B_HUMAN	100	21	0	0	63	1	627	647	2.26e-10	47.8
SRR1039508.1764967	sp|Q9NRY4|RHG35_HUMAN	100	20	0	0	3	62	195	214	1.90e-09	45.1
SRR1039508.6757014	sp|P08238|HS90B_HUMAN	100	21	0	0	63	1	537	557	2.00e-06	36.6
SRR1039508.14441945	tr|W1PJ14|W1PJ14_AMBTC	70.0	20	6	0	3	62	495	514	1.02e-06	37.4
SRR1039508.15553298	sp|P08238|HS90B_HUMAN	95.0	20	1	0	3	62	46	65	1.72e-08	42.4
SRR1039508.22110076	sp|P09471|GNAO_HUMAN	85.0	20	3	0	61	2	252	271	4.96e-06	35.4
SRR1039508.21223897	sp|P08238|HS90B_HUMAN	85.0	20	3	0	61	2	28	47	1.01e-06	37.4
SRR1039508.4736707	sp|P09471|GNAO_HUMAN	90.0	20	2	0	61	2	252	271	6.18e-08	40.8
SRR1039508.11493984	tr|W1PJ14|W1PJ14_AMBTC	63.2	19	7	0	62	6	471	489	4.38e-05	32.7
SRR1039508.16773193	sp|P08238|HS90B_HUMAN	95.0	20	1	0	2	61	447	466	1.13e-07	40.0
SRR1039508.9272038	sp|P08238|HS90B_HUMAN	76.2	21	5	0	63	1	561	581	7.01e-06	35.0
SRR1039508.2056139	sp|P08238|HS90B_HUMAN	66.7	21	7	0	1	63	505	525	3.39e-08	41.6
SRR1039508.22663101	sp|P08238|HS90B_HUMAN	100	20	0	0	62	3	97	116	1.26e-08	42.7
SRR1039508.2245976	sp|P20815|CP3A5_HUMAN	81.0	21	4	0	1	63	104	124	4.69e-08	41.2
SRR1039508.2180430	sp|P40763|STAT3_HUMAN	100	21	0	0	1	63	221	241	7.07e-09	43.5
SRR1039508.5155566	tr|W1PJ14|W1PJ14_AMBTC	61.1	18	7	0	2	55	472	489	8.22e-05	32.0
SRR1039508.14735084	sp|P08238|HS90B_HUMAN	76.2	21	5	0	63	1	564	584	7.01e-06	35.0
SRR1039508.5225414	sp|B2RWS6|EP300_MOUSE	100	20	0	0	62	3	1491	1510	4.42e-11	49.7
SRR1039508.1954023	tr|W1PJ14|W1PJ14_AMBTC	70.0	20	6	0	1	60	466	485	2.47e-05	33.5
SRR1039508.9064551	sp|P40763|STAT3_HUMAN	100	20	0	0	61	2	626	645	2.35e-08	42.0
SRR1039508.11148839	sp|P40763|STAT3_HUMAN	100	20	0	0	3	62	637	656	3.59e-09	44.3
SRR1039508.11898620	tr|W1PJ14|W1PJ14_AMBTC	70.0	20	6	0	60	1	466	485	9.63e-06	34.7
SRR1039508.13926723	sp|P09471|GNAO_HUMAN	76.2	21	5	0	63	1	285	305	3.47e-08	41.6
SRR1039508.16281180	sp|P08238|HS90B_HUMAN	85.7	21	3	0	1	63	36	56	1.07e-06	37.4
SRR1039508.13939317	sp|Q9Y692|GMEB1_HUMAN	100	21	0	0	1	63	339	359	1.33e-08	42.7
SRR1039508.4388272	sp|P10275|ANDR_HUMAN	76.2	21	5	0	63	1	721	741	2.47e-08	42.0
SRR1039508.10547430	sp|P09471|GNAO_HUMAN	77.8	18	4	0	1	54	296	313	1.21e-04	31.6
SRR1039508.6046226	sp|P20815|CP3A5_HUMAN	95.0	20	1	0	61	2	450	469	4.97e-09	43.9
SRR1039508.15817078	tr|W1PJ14|W1PJ14_AMBTC	89.5	19	2	0	58	2	542	560	2.36e-08	42.0
SRR1039508.21637793	sp|P10275|ANDR_HUMAN	71.4	21	6	0	63	1	727	747	1.99e-06	36.6
SRR1039508.1469950	tr|W1PJ14|W1PJ14_AMBTC	73.7	19	5	0	5	61	492	510	1.25e-05	34.3
SRR1039508.20327055	tr|A0AA88PK51|A0AA88PK51_9TELE	71.4	21	6	0	63	1	933	953	1.45e-06	37.0
SRR1039508.237112	tr|W1PJ14|W1PJ14_AMBTC	57.1	21	9	0	1	63	468	488	1.63e-04	31.2
SRR1039508.12583859	sp|P08238|HS90B_HUMAN	90.5	21	2	0	63	1	170	190	2.02e-09	45.1
SRR1039508.9854596	sp|P20815|CP3A5_HUMAN	85.7	21	3	0	1	63	345	365	2.51e-08	42.0
SRR1039508.18820910	sp|P40763|STAT3_HUMAN	95.0	20	1	0	62	3	75	94	1.54e-07	39.7
SRR1039508.22440457	sp|P08238|HS90B_HUMAN	90.0	20	2	0	61	2	196	215	4.92e-09	43.9
SRR1039508.5060565	sp|P08238|HS90B_HUMAN	100	20	0	0	2	61	652	671	2.88e-07	38.9
SRR1039508.318647	sp|P08238|HS90B_HUMAN	100	21	0	0	63	1	343	363	1.32e-08	42.7
SRR1039508.7599902	sp|Q64127|TIF1A_MOUSE	57.1	21	9	0	63	1	898	918	3.35e-05	33.1
SRR1039508.4826912	sp|P01116|RASK_HUMAN	66.7	21	7	0	1	63	52	72	9.66e-06	34.7
SRR1039508.6084913	sp|P08238|HS90B_HUMAN	100	21	0	0	63	1	527	547	2.77e-09	44.7
SRR1039508.20170258	sp|P51531|SMCA2_HUMAN	100	20	0	0	2	61	607	626	2.12e-10	47.8
SRR1039508.16975406	sp|P09471|GNAO_HUMAN	65.0	20	7	0	2	61	51	70	2.93e-04	30.4
SRR1039508.9246944	sp|P08238|HS90B_HUMAN	100	20	0	0	3	62	363	382	4.02e-10	47.0
SRR1039508.16681692	sp|P08238|HS90B_HUMAN	94.4	18	1	0	63	10	537	554	4.17e-04	30.0
SRR1039508.16779451	sp|P01116|RASK_HUMAN	80.0	20	4	0	2	61	60	79	7.10e-07	37.7
SRR1039508.6661523	sp|P08238|HS90B_HUMAN	82.4	17	3	0	60	10	594	610	2.46e-05	33.5
SRR1039508.1093730	sp|Q9UKL3|C8AP2_HUMAN	100	20	0	0	62	3	780	799	1.24e-08	42.7
SRR1039508.7337973	tr|A0A480PNE7|A0A480PNE7_PIG	100	21	0	0	63	1	12	32	2.12e-12	53.5
SRR1039508.17225505	sp|Q925J9|MED1_MOUSE	90.5	21	2	0	63	1	1430	1450	4.58e-08	41.2
SRR1039508.6753173	tr|A0AA88PK51|A0AA88PK51_9TELE	85.0	20	3	0	2	61	987	1006	3.91e-07	38.5
SRR1039508.17429299	tr|A0A480LKS3|A0A480LKS3_PIG	95.0	20	1	0	61	2	81	100	2.17e-07	39.3
SRR1039508.12906475	sp|P42345|MTOR_HUMAN	100	20	0	0	3	62	1888	1907	9.03e-09	43.1
SRR1039508.9462882	sp|P08238|HS90B_HUMAN	95.0	20	1	0	2	61	324	343	2.63e-09	44.7
SRR1039508.695490	sp|P51531|SMCA2_HUMAN	100	20	0	0	61	2	402	421	2.08e-07	39.3
SRR1039508.16274918	tr|W1PJ14|W1PJ14_AMBTC	85.0	20	3	0	62	3	528	547	8.28e-08	40.4
SRR1039508.684632	sp|P42345|MTOR_HUMAN	100	20	0	0	3	62	2156	2175	4.32e-08	41.2
SRR1039508.3499887	sp|P08238|HS90B_HUMAN	100	21	0	0	1	63	668	688	4.23e-10	47.0
SRR1039508.11395962	sp|Q60641|NR1H4_MOUSE	80.0	20	4	0	62	3	183	202	2.13e-07	39.3
SRR1039508.815963	sp|P08238|HS90B_HUMAN	100	20	0	0	2	61	314	333	3.60e-09	44.3
SRR1039508.245055	sp|P08238|HS90B_HUMAN	100	20	0	0	61	2	397	416	1.54e-07	39.7
SRR1039508.10734825	sp|P42345|MTOR_HUMAN	100	21	0	0	63	1	1662	1682	2.44e-08	42.0
SRR1039508.20871717	sp|P08238|HS90B_HUMAN	100	21	0	0	1	63	165	185	1.66e-10	48.1
SRR1039508.13290358	sp|P09471|GNAO_HUMAN	85.0	20	3	0	3	62	266	285	4.96e-06	35.4
SRR1039508.16882047	sp|P08238|HS90B_HUMAN	95.2	21	1	0	1	63	277	297	2.27e-10	47.8
SRR1039508.2255794	sp|P08238|HS90B_HUMAN	95.0	20	1	0	2	61	664	683	4.92e-09	43.9
SRR1039508.17310847	sp|P40763|STAT3_HUMAN	95.0	20	1	0	3	62	5	24	1.13e-07	40.0
SRR1039508.19347735	sp|P08238|HS90B_HUMAN	95.2	21	1	0	1	63	310	330	8.86e-11	48.9
SRR1039508.2624120	sp|Q64127|TIF1A_MOUSE	63.2	19	7	0	6	62	900	918	5.94e-05	32.3
SRR1039508.18744590	sp|P08238|HS90B_HUMAN	95.0	20	1	0	3	62	363	382	1.92e-09	45.1
SRR1039508.18455815	sp|B2RWS6|EP300_MOUSE	81.0	21	4	0	63	1	1203	1223	3.33e-08	41.6
SRR1039508.1803228	sp|P08238|HS90B_HUMAN	65.0	20	7	0	3	62	501	520	7.39e-07	37.7
SRR1039508.18706943	sp|Q9NRY4|RHG35_HUMAN	95.0	20	1	0	61	2	773	792	3.18e-08	41.6
SRR1039508.7958843	sp|P08238|HS90B_HUMAN	90.0	20	2	0	61	2	524	543	3.95e-07	38.5
SRR1039508.19502908	sp|P42345|MTOR_HUMAN	100	20	0	0	62	3	1428	1447	5.92e-08	40.8
SRR1039508.20979385	tr|W1PJ14|W1PJ14_AMBTC	70.0	20	6	0	2	61	494	513	2.34e-05	33.5
SRR1039508.11715883	tr|W1PJ14|W1PJ14_AMBTC	63.2	19	7	0	1	57	471	489	4.63e-05	32.7
SRR1039508.20623047	tr|W1PJ14|W1PJ14_AMBTC	89.5	19	2	0	59	3	530	548	3.23e-08	41.6
SRR1039508.6488502	sp|B2RWS6|EP300_MOUSE	85.7	21	3	0	63	1	206	226	4.56e-08	41.2
SRR1039508.249669	sp|P08238|HS90B_HUMAN	100	20	0	0	3	62	398	417	7.39e-07	37.7
