SRR1039520.58002	sp|O35973|PER1_MOUSE	89.5	19	2	0	5	61	272	290	2.85e-07	38.9
SRR1039520.100624	sp|P43354|NR4A2_HUMAN	80.0	20	4	0	60	1	461	480	5.21e-09	43.9
SRR1039520.724765	sp|O35973|PER1_MOUSE	100	21	0	0	63	1	111	131	6.94e-06	35.0
SRR1039520.1026781	sp|O35973|PER1_MOUSE	100	18	0	0	54	1	69	86	8.58e-05	32.0
SRR1039520.1299924	sp|O35973|PER1_MOUSE	100	21	0	0	63	1	393	413	7.01e-09	43.5
SRR1039520.1315366	sp|O35973|PER1_MOUSE	100	20	0	0	60	1	963	982	1.07e-09	45.8
SRR1039520.1328759	sp|O35973|PER1_MOUSE	84.2	19	3	0	58	2	505	523	3.91e-07	38.5
SRR1039520.1450354	sp|O35973|PER1_MOUSE	100	19	0	0	5	61	771	789	1.24e-08	42.7
SRR1039520.1496705	sp|P43354|NR4A2_HUMAN	100	21	0	0	1	63	289	309	1.67e-10	48.1
SRR1039520.1644348	sp|P43354|NR4A2_HUMAN	85.0	20	3	0	4	63	561	580	7.83e-07	37.7
SRR1039520.1657680	sp|O35973|PER1_MOUSE	95.0	20	1	0	3	62	1188	1207	9.09e-09	43.1
SRR1039520.1776714	sp|O35973|PER1_MOUSE	100	20	0	0	62	3	426	445	4.45e-11	49.7
SRR1039520.1938650	sp|O35973|PER1_MOUSE	100	20	0	0	2	61	707	726	1.37e-06	37.0
SRR1039520.2370412	sp|P43354|NR4A2_HUMAN	85.7	21	3	0	63	1	256	276	8.72e-08	40.4
SRR1039520.2826716	sp|O35973|PER1_MOUSE	85.0	20	3	0	61	2	1100	1119	7.33e-04	29.3
SRR1039520.2885642	sp|O35973|PER1_MOUSE	90.0	20	2	0	62	3	1136	1155	7.31e-07	37.7
SRR1039520.3107635	sp|P43354|NR4A2_HUMAN	100	21	0	0	1	63	263	283	2.86e-12	53.1
SRR1039520.3466650	sp|O35973|PER1_MOUSE	81.0	21	4	0	63	1	497	517	4.12e-07	38.5
SRR1039520.3521335	sp|O35973|PER1_MOUSE	100	20	0	0	62	3	309	328	3.98e-10	47.0
SRR1039520.3543075	sp|O35973|PER1_MOUSE	95.0	20	1	0	2	61	1188	1207	9.09e-09	43.1
SRR1039520.3985160	sp|O35973|PER1_MOUSE	100	21	0	0	1	63	522	542	4.59e-08	41.2
SRR1039520.4059955	sp|O35973|PER1_MOUSE	90.0	20	2	0	61	2	273	292	1.24e-08	42.7
SRR1039520.4106210	sp|O35973|PER1_MOUSE	90.5	21	2	0	63	1	1191	1211	3.74e-09	44.3
SRR1039520.4493143	sp|O35973|PER1_MOUSE	95.2	21	1	0	63	1	628	648	3.06e-10	47.4
SRR1039520.5312972	sp|O35973|PER1_MOUSE	100	20	0	0	62	3	311	330	3.98e-10	47.0
SRR1039520.5751657	sp|O35973|PER1_MOUSE	84.2	19	3	0	2	58	850	868	2.56e-06	36.2
SRR1039520.5889784	sp|P43354|NR4A2_HUMAN	52.4	21	10	0	63	1	58	78	4.63e-05	32.7
SRR1039520.5933490	sp|O35973|PER1_MOUSE	95.0	20	1	0	2	61	1121	1140	1.70e-08	42.4
SRR1039520.6529882	sp|O35973|PER1_MOUSE	81.0	21	4	0	63	1	503	523	2.20e-07	39.3
SRR1039520.6781996	sp|O35973|PER1_MOUSE	100	20	0	0	3	62	108	127	4.80e-06	35.4
SRR1039520.6874543	sp|O35973|PER1_MOUSE	100	13	0	0	63	25	880	892	2.20e-04	30.8
SRR1039520.6916537	sp|P43354|NR4A2_HUMAN	52.9	17	8	0	61	11	65	81	7.42e-04	29.3
SRR1039520.7260357	sp|P43354|NR4A2_HUMAN	80.0	20	4	0	61	2	418	437	8.28e-08	40.4
SRR1039520.7568182	sp|P43354|NR4A2_HUMAN	100	20	0	0	61	2	283	302	2.96e-10	47.4
SRR1039520.7765168	sp|P43354|NR4A2_HUMAN	66.7	21	7	0	63	1	456	476	4.18e-07	38.5
SRR1039520.7788514	sp|O35973|PER1_MOUSE	100	20	0	0	3	62	356	375	1.14e-10	48.5
SRR1039520.7923771	sp|O35973|PER1_MOUSE	100	19	0	0	62	6	733	751	1.70e-08	42.4
SRR1039520.8489010	sp|O35973|PER1_MOUSE	95.0	20	1	0	61	2	470	489	5.96e-08	40.8
SRR1039520.8558909	sp|O35973|PER1_MOUSE	100	21	0	0	63	1	76	96	5.64e-07	38.1
SRR1039520.9318181	sp|O35973|PER1_MOUSE	90.0	20	2	0	61	2	1202	1221	9.09e-09	43.1
SRR1039520.9436663	sp|O35973|PER1_MOUSE	100	20	0	0	2	61	353	372	1.56e-10	48.1
SRR1039520.9602098	sp|O35973|PER1_MOUSE	95.2	21	1	0	1	63	623	643	3.06e-10	47.4
SRR1039520.9727469	sp|O35973|PER1_MOUSE	80.0	20	4	0	61	2	498	517	7.31e-07	37.7
SRR1039520.9876085	sp|O35973|PER1_MOUSE	100	20	0	0	3	62	310	329	3.98e-10	47.0
SRR1039520.10214439	sp|O35973|PER1_MOUSE	100	20	0	0	2	61	111	130	4.33e-05	32.7
SRR1039520.10247871	sp|O35973|PER1_MOUSE	100	21	0	0	63	1	456	476	1.64e-10	48.1
SRR1039520.10687394	sp|O35973|PER1_MOUSE	95.2	21	1	0	63	1	1212	1232	2.74e-09	44.7
SRR1039520.10872215	sp|O35973|PER1_MOUSE	95.0	20	1	0	3	62	1119	1138	3.18e-08	41.6
SRR1039520.10946053	sp|O35973|PER1_MOUSE	95.0	20	1	0	62	3	1187	1206	9.09e-09	43.1
SRR1039520.11025098	sp|O35973|PER1_MOUSE	100	20	0	0	3	62	462	481	1.24e-08	42.7
SRR1039520.11862986	sp|O35973|PER1_MOUSE	85.7	21	3	0	1	63	676	696	3.71e-06	35.8
SRR1039520.12087213	sp|O35973|PER1_MOUSE	100	20	0	0	62	3	116	135	5.34e-07	38.1
SRR1039520.12250652	sp|O35973|PER1_MOUSE	100	21	0	0	63	1	970	990	1.07e-09	45.8
SRR1039520.12538459	sp|P43354|NR4A2_HUMAN	78.9	19	4	0	59	3	461	479	1.73e-08	42.4
SRR1039520.12573664	sp|O35973|PER1_MOUSE	100	21	0	0	1	63	389	409	7.83e-10	46.2
SRR1039520.12647597	sp|O35973|PER1_MOUSE	100	20	0	0	3	62	372	391	2.60e-09	44.7
SRR1039520.13261773	sp|O35973|PER1_MOUSE	100	20	0	0	2	61	394	413	9.09e-09	43.1
SRR1039520.13518267	sp|O35973|PER1_MOUSE	90.0	20	2	0	3	62	226	245	2.85e-07	38.9
SRR1039520.14140263	sp|O35973|PER1_MOUSE	88.9	18	2	0	63	10	822	839	1.98e-06	36.6
SRR1039520.14531967	sp|P43354|NR4A2_HUMAN	85.7	21	3	0	63	1	258	278	1.33e-08	42.7
SRR1039520.14700365	sp|P43354|NR4A2_HUMAN	81.0	21	4	0	63	1	418	438	4.66e-08	41.2
SRR1039520.14708741	sp|O35973|PER1_MOUSE	100	21	0	0	63	1	714	734	3.36e-08	41.6
SRR1039520.15230675	sp|P43354|NR4A2_HUMAN	75.0	20	5	0	62	3	416	435	1.55e-07	39.7
SRR1039520.15773325	sp|O35973|PER1_MOUSE	95.0	20	1	0	3	62	283	302	4.86e-09	43.9
SRR1039520.15882520	sp|O35973|PER1_MOUSE	95.2	21	1	0	1	63	324	344	7.83e-10	46.2
SRR1039520.15959936	sp|O35973|PER1_MOUSE	95.2	21	1	0	63	1	191	211	3.74e-09	44.3
SRR1039520.16018825	sp|O35973|PER1_MOUSE	100	20	0	0	62	3	79	98	3.51e-06	35.8
SRR1039520.16088572	sp|O35973|PER1_MOUSE	95.2	21	1	0	1	63	9	29	7.01e-09	43.5
SRR1039520.16205601	sp|O35973|PER1_MOUSE	100	20	0	0	2	61	360	379	1.14e-10	48.5
SRR1039520.17077964	sp|P08238|HS90B_HUMAN	76.5	17	4	0	52	2	606	622	1.53e-04	31.2
SRR1039520.17482095	sp|O35973|PER1_MOUSE	90.0	20	2	0	2	61	237	256	2.09e-07	39.3
SRR1039520.17616682	sp|O35973|PER1_MOUSE	100	20	0	0	3	62	445	464	3.98e-10	47.0
SRR1039520.17906342	sp|O35973|PER1_MOUSE	100	20	0	0	3	62	155	174	4.86e-09	43.9
SRR1039520.18039361	sp|O35973|PER1_MOUSE	100	21	0	0	1	63	106	126	4.12e-07	38.5
SRR1039520.18328421	sp|O35973|PER1_MOUSE	95.0	20	1	0	2	61	1210	1229	3.55e-09	44.3
SRR1039520.18356421	sp|O35973|PER1_MOUSE	100	21	0	0	63	1	126	146	5.64e-07	38.1
SRR1039520.18362700	sp|O35973|PER1_MOUSE	85.0	20	3	0	62	3	512	531	3.51e-06	35.8
SRR1039520.18747976	sp|O35973|PER1_MOUSE	95.0	20	1	0	2	61	1210	1229	3.55e-09	44.3
SRR1039520.18835371	sp|O35973|PER1_MOUSE	100	21	0	0	1	63	157	177	9.58e-09	43.1
SRR1039520.18891043	sp|P43354|NR4A2_HUMAN	100	15	0	0	61	17	331	345	6.00e-05	32.3
SRR1039520.19750523	sp|O35973|PER1_MOUSE	100	21	0	0	1	63	88	108	6.94e-06	35.0
SRR1039520.19780457	sp|O35973|PER1_MOUSE	88.9	18	2	0	61	8	875	892	9.00e-06	34.7
SRR1039520.20327694	sp|O35973|PER1_MOUSE	100	18	0	0	2	55	1133	1150	3.91e-07	38.5
SRR1039520.20375495	sp|O35973|PER1_MOUSE	100	20	0	0	60	1	447	466	5.72e-10	46.6
SRR1039520.20553491	sp|O35973|PER1_MOUSE	95.0	20	1	0	61	2	628	647	1.02e-09	45.8
SRR1039520.20646865	sp|O35973|PER1_MOUSE	95.0	20	1	0	61	2	251	270	6.65e-09	43.5
SRR1039520.8603932	sp|P08238|HS90B_HUMAN	73.7	19	5	0	4	60	124	142	1.80e-05	33.9
SRR1039520.6392329	sp|P08238|HS90B_HUMAN	85.0	20	3	0	2	61	573	592	7.39e-07	37.7
SRR1039520.17435977	tr|A8QZ73|A8QZ73_MAIZE	85.0	20	3	0	2	61	112	131	6.05e-10	45.8
SRR1039520.8472874	sp|P10275|ANDR_HUMAN	61.1	18	7	0	8	61	888	905	5.37e-04	29.6
SRR1039520.2229831	sp|P51531|SMCA2_HUMAN	100	21	0	0	63	1	1463	1483	3.05e-10	47.4
SRR1039520.16470431	sp|P08238|HS90B_HUMAN	100	20	0	0	62	3	209	228	4.92e-09	43.9
SRR1039520.19768424	sp|P08238|HS90B_HUMAN	95.0	20	1	0	2	61	42	61	5.40e-07	38.1
SRR1039520.2099686	tr|A0A480LKS3|A0A480LKS3_PIG	100	20	0	0	2	61	202	221	6.93e-09	43.5
SRR1039520.3006467	sp|P08238|HS90B_HUMAN	100	21	0	0	1	63	508	528	1.21e-10	48.5
SRR1039520.571453	sp|Q96H86|ZN764_HUMAN	100	20	0	0	62	3	12	31	2.20e-10	47.8
SRR1039520.1934741	sp|P08238|HS90B_HUMAN	100	21	0	0	1	63	477	497	4.64e-08	41.2
SRR1039520.9517233	sp|P08238|HS90B_HUMAN	100	21	0	0	63	1	580	600	3.10e-10	47.4
SRR1039520.8450281	sp|P08238|HS90B_HUMAN	100	20	0	0	61	2	555	574	4.40e-08	41.2
SRR1039520.12547870	sp|Q9UGP4|LIMD1_HUMAN	55.0	20	9	0	62	3	611	630	3.55e-06	35.8
SRR1039520.11131505	sp|P08238|HS90B_HUMAN	100	21	0	0	63	1	565	585	8.68e-08	40.4
SRR1039520.16565632	sp|P08238|HS90B_HUMAN	90.0	20	2	0	4	63	80	99	1.19e-07	40.0
SRR1039520.9000007	sp|P10275|ANDR_HUMAN	100	20	0	0	62	3	186	205	1.69e-05	33.9
SRR1039520.12570749	sp|P08238|HS90B_HUMAN	100	20	0	0	61	2	355	374	5.50e-10	46.6
SRR1039520.10524325	sp|P51531|SMCA2_HUMAN	75.0	20	5	0	2	61	1123	1142	1.68e-05	33.9
SRR1039520.15735440	sp|P08238|HS90B_HUMAN	100	18	0	0	63	10	215	232	3.37e-05	33.1
SRR1039520.17524039	tr|W1PJ14|W1PJ14_AMBTC	55.0	20	9	0	61	2	551	570	1.71e-05	33.9
SRR1039520.14818928	sp|O43889|CREB3_HUMAN	100	21	0	0	63	1	8	28	2.83e-09	44.7
SRR1039520.12826562	sp|P08238|HS90B_HUMAN	70.0	20	6	0	2	61	88	107	4.85e-06	35.4
SRR1039520.569108	sp|P08238|HS90B_HUMAN	90.0	20	2	0	61	2	416	435	2.88e-07	38.9
SRR1039520.12821969	sp|P08238|HS90B_HUMAN	80.0	20	4	0	62	3	124	143	3.95e-07	38.5
SRR1039520.14822496	sp|P51532|SMCA4_HUMAN	100	21	0	0	63	1	639	659	1.63e-10	48.1
SRR1039520.10177489	sp|P08238|HS90B_HUMAN	90.5	21	2	0	63	1	623	643	9.69e-09	43.1
SRR1039520.885084	sp|Q9NRY4|RHG35_HUMAN	100	21	0	0	63	1	1234	1254	5.71e-10	46.6
SRR1039520.4333226	sp|P40763|STAT3_HUMAN	100	16	0	0	63	16	755	770	1.46e-06	37.0
SRR1039520.6676674	tr|W1PJ14|W1PJ14_AMBTC	70.0	20	6	0	61	2	495	514	1.02e-06	37.4
SRR1039520.17366806	sp|P08238|HS90B_HUMAN	100	18	0	0	63	10	215	232	3.37e-05	33.1
SRR1039520.18661355	sp|Q9NRY4|RHG35_HUMAN	100	21	0	0	63	1	543	563	2.05e-12	53.5
SRR1039520.11653672	sp|Q9NRY4|RHG35_HUMAN	100	21	0	0	63	1	987	1007	1.79e-08	42.4
SRR1039520.12257310	tr|W1PJ14|W1PJ14_AMBTC	85.7	21	3	0	63	1	542	562	3.80e-09	44.3
SRR1039520.5965983	sp|Q9NRY4|RHG35_HUMAN	100	20	0	0	3	62	663	682	1.24e-08	42.7
SRR1039520.17670991	sp|P51531|SMCA2_HUMAN	100	14	0	0	1	42	542	555	1.17e-04	31.6
SRR1039520.18113284	sp|B2RWS6|EP300_MOUSE	100	20	0	0	62	3	1313	1332	3.53e-09	44.3
SRR1039520.2986812	tr|A0A480PNE7|A0A480PNE7_PIG	100	20	0	0	2	61	201	220	3.65e-09	44.3
SRR1039520.1847102	sp|P09471|GNAO_HUMAN	94.1	17	1	0	1	51	46	62	3.82e-06	35.8
SRR1039520.21219484	sp|P40763|STAT3_HUMAN	100	20	0	0	3	62	96	115	1.92e-09	45.1
SRR1039520.21110432	sp|P08238|HS90B_HUMAN	100	20	0	0	62	3	283	302	1.57e-10	48.1
SRR1039520.11910282	tr|A8QZ73|A8QZ73_MAIZE	75.0	20	5	0	61	2	104	123	1.71e-07	39.3
SRR1039520.4984075	sp|P08238|HS90B_HUMAN	81.0	21	4	0	63	1	505	525	2.48e-08	42.0
SRR1039520.578513	sp|P40763|STAT3_HUMAN	100	21	0	0	1	63	612	632	1.21e-10	48.5
SRR1039520.21155561	tr|A0A8I3NIH7|A0A8I3NIH7_CANLF	100	21	0	0	1	63	385	405	8.93e-11	48.9
SRR1039520.14279109	sp|P08238|HS90B_HUMAN	75.0	20	5	0	2	61	496	515	3.54e-06	35.8
SRR1039520.2356173	sp|P40763|STAT3_HUMAN	100	20	0	0	3	62	10	29	1.40e-09	45.4
SRR1039520.15385062	tr|A0A480PNE7|A0A480PNE7_PIG	100	20	0	0	62	3	17	36	6.26e-11	49.3
SRR1039520.4177363	sp|P08238|HS90B_HUMAN	100	20	0	0	3	62	559	578	2.35e-08	42.0
SRR1039520.10513419	sp|P51531|SMCA2_HUMAN	100	20	0	0	2	61	526	545	9.07e-09	43.1
SRR1039520.13958555	sp|P09471|GNAO_HUMAN	80.0	20	4	0	61	2	282	301	6.18e-08	40.8
SRR1039520.7967558	sp|P08238|HS90B_HUMAN	80.0	20	4	0	61	2	504	523	8.24e-08	40.4
SRR1039520.13080800	sp|Q9NRY4|RHG35_HUMAN	100	20	0	0	3	62	718	737	2.32e-08	42.0
SRR1039520.1663288	sp|P09471|GNAO_HUMAN	75.0	20	5	0	61	2	49	68	1.27e-05	34.3
SRR1039520.20856389	sp|P08238|HS90B_HUMAN	100	21	0	0	1	63	678	698	2.02e-09	45.1
SRR1039520.4106278	sp|Q9UKL3|C8AP2_HUMAN	100	20	0	0	62	3	1047	1066	1.69e-08	42.4
SRR1039520.18085359	tr|W1PJ14|W1PJ14_AMBTC	89.5	19	2	0	58	2	542	560	2.36e-08	42.0
SRR1039520.14808641	sp|P51532|SMCA4_HUMAN	100	21	0	0	63	1	929	949	3.42e-11	50.1
SRR1039520.18567347	sp|P08238|HS90B_HUMAN	85.0	20	3	0	3	62	27	46	1.70e-05	33.9
SRR1039520.11017666	tr|W1PJ14|W1PJ14_AMBTC	57.1	21	9	0	1	63	472	492	4.63e-05	32.7
SRR1039520.17344306	sp|P51531|SMCA2_HUMAN	100	21	0	0	1	63	1295	1315	5.11e-09	43.9
SRR1039520.20568637	sp|P51532|SMCA4_HUMAN	90.5	21	1	1	61	2	1470	1490	2.56e-06	36.2
SRR1039520.16586525	sp|P40763|STAT3_HUMAN	100	20	0	0	62	3	172	191	1.40e-09	45.4
SRR1039520.19667787	sp|P08238|HS90B_HUMAN	100	21	0	0	63	1	688	708	3.39e-08	41.6
SRR1039520.14880483	sp|P40763|STAT3_HUMAN	100	21	0	0	63	1	569	589	3.09e-10	47.4
SRR1039520.19802309	sp|P08238|HS90B_HUMAN	100	20	0	0	62	3	532	551	1.01e-06	37.4
SRR1039520.11204010	sp|Q925J9|MED1_MOUSE	100	20	0	0	62	3	528	547	9.07e-09	43.1
SRR1039520.18721621	tr|W1PJ14|W1PJ14_AMBTC	70.0	20	6	0	62	3	466	485	6.67e-06	35.0
SRR1039520.16467385	sp|P08238|HS90B_HUMAN	100	21	0	0	63	1	489	509	2.48e-08	42.0
SRR1039520.12910976	tr|W1PJ14|W1PJ14_AMBTC	90.5	21	2	0	63	1	533	553	8.91e-11	48.9
SRR1039520.20391694	sp|P51531|SMCA2_HUMAN	85.0	20	3	0	61	2	153	172	1.37e-06	37.0
SRR1039520.7279702	tr|W1PJ14|W1PJ14_AMBTC	89.5	19	2	0	59	3	542	560	2.36e-08	42.0
SRR1039520.15504598	sp|P51531|SMCA2_HUMAN	100	21	0	0	63	1	1297	1317	1.31e-08	42.7
SRR1039520.17120416	tr|W1PJ14|W1PJ14_AMBTC	84.2	19	3	0	59	3	528	546	2.90e-07	38.9
SRR1039520.12760512	sp|P08238|HS90B_HUMAN	100	19	0	0	58	2	448	466	1.13e-07	40.0
SRR1039520.9062501	sp|P08238|HS90B_HUMAN	100	20	0	0	62	3	35	54	4.40e-08	41.2
SRR1039520.1514474	sp|P09471|GNAO_HUMAN	80.0	20	4	0	61	2	194	213	1.77e-08	42.4
SRR1039520.1056936	sp|P08238|HS90B_HUMAN	100	20	0	0	62	3	172	191	5.50e-10	46.6
SRR1039520.1427048	sp|P28704|RXRB_MOUSE	100	20	0	0	61	2	376	395	6.79e-09	43.5
SRR1039520.3706101	sp|O43889|CREB3_HUMAN	95.0	20	1	0	61	2	76	95	1.29e-08	42.7
SRR1039520.18193849	sp|P08238|HS90B_HUMAN	100	20	0	0	61	2	525	544	1.26e-08	42.7
SRR1039520.4290810	sp|P40763|STAT3_HUMAN	100	21	0	0	1	63	259	279	1.48e-09	45.4
SRR1039520.12770283	sp|P08238|HS90B_HUMAN	100	20	0	0	62	3	532	551	1.01e-06	37.4
SRR1039520.4834671	sp|P08238|HS90B_HUMAN	95.0	20	1	0	3	62	130	149	8.24e-08	40.4
SRR1039520.17697638	sp|P09471|GNAO_HUMAN	65.0	20	7	0	62	3	7	26	7.53e-04	29.3
SRR1039520.4355165	sp|Q92831|KAT2B_HUMAN	100	21	0	0	63	1	236	256	3.77e-09	44.3
SRR1039520.1655974	sp|B2RWS6|EP300_MOUSE	85.7	21	3	0	63	1	471	491	2.19e-07	39.3
SRR1039520.6441407	tr|W1PJ14|W1PJ14_AMBTC	66.7	21	7	0	63	1	496	516	3.76e-06	35.8
SRR1039520.16341954	sp|P08238|HS90B_HUMAN	85.0	20	3	0	2	61	650	669	2.59e-06	36.2
SRR1039520.2192657	sp|Q61026|NCOA2_MOUSE	100	20	0	0	61	2	563	582	1.70e-08	42.4
SRR1039520.17476385	sp|Q9UKL3|C8AP2_HUMAN	100	20	0	0	3	62	1665	1684	1.01e-09	45.8
SRR1039520.18022969	sp|P51532|SMCA4_HUMAN	100	20	0	0	2	61	1527	1546	4.85e-09	43.9
SRR1039520.19194383	sp|P51532|SMCA4_HUMAN	81.0	21	4	0	63	1	907	927	1.30e-05	34.3
SRR1039520.2181465	sp|P08238|HS90B_HUMAN	95.2	21	1	0	1	63	389	409	7.79e-07	37.7
SRR1039520.2483019	tr|A0A670JPT3|A0A670JPT3_PODMU	78.9	19	4	0	61	5	422	440	4.89e-06	35.4
SRR1039520.3532989	sp|Q9NRY4|RHG35_HUMAN	61.9	21	8	0	1	63	1318	1338	2.20e-07	39.3
SRR1039520.3933374	tr|A0A671F296|A0A671F296_RHIFE	61.9	21	8	0	1	63	63	83	1.65e-04	31.2
SRR1039520.1955746	sp|Q9UGP4|LIMD1_HUMAN	100	20	0	0	61	2	293	312	4.93e-09	43.9
SRR1039520.18611121	sp|P42345|MTOR_HUMAN	100	20	0	0	3	62	1679	1698	3.95e-10	47.0
SRR1039520.5860335	sp|P08238|HS90B_HUMAN	95.0	20	1	0	3	62	531	550	3.95e-07	38.5
SRR1039520.17963708	tr|W1PJ14|W1PJ14_AMBTC	89.5	19	2	0	58	2	542	560	2.36e-08	42.0
SRR1039520.15845132	sp|P40763|STAT3_HUMAN	100	20	0	0	3	62	451	470	2.35e-08	42.0
SRR1039520.8930305	sp|P08238|HS90B_HUMAN	100	20	0	0	2	61	573	592	6.73e-09	43.5
SRR1039520.18499273	sp|P08238|HS90B_HUMAN	100	20	0	0	62	3	320	339	2.63e-09	44.7
SRR1039520.10676892	sp|P08238|HS90B_HUMAN	95.0	20	1	0	62	3	173	192	2.63e-09	44.7
SRR1039520.19934832	sp|P08238|HS90B_HUMAN	100	20	0	0	3	62	82	101	4.40e-08	41.2
SRR1039520.3044868	sp|Q9UGP4|LIMD1_HUMAN	50.0	18	9	0	55	2	609	626	5.40e-04	29.6
SRR1039520.6240822	tr|A0A8I3NIH7|A0A8I3NIH7_CANLF	100	20	0	0	61	2	540	559	1.42e-09	45.4
SRR1039520.9427983	sp|P40763|STAT3_HUMAN	80.0	20	4	0	3	62	332	351	1.54e-07	39.7
SRR1039520.10743481	sp|P08238|HS90B_HUMAN	80.0	20	4	0	61	2	385	404	4.85e-06	35.4
SRR1039520.18111128	sp|P09471|GNAO_HUMAN	89.5	19	2	0	6	62	170	188	7.57e-07	37.7
SRR1039520.20962691	tr|A0A8I3NIH7|A0A8I3NIH7_CANLF	70.0	20	6	0	4	63	256	275	1.20e-07	40.0
SRR1039520.15455684	sp|P08238|HS90B_HUMAN	100	20	0	0	2	61	495	514	1.26e-08	42.7
SRR1039520.4143213	sp|P42345|MTOR_HUMAN	100	20	0	0	3	62	1724	1743	9.94e-07	37.4
SRR1039520.1428921	sp|P08238|HS90B_HUMAN	100	20	0	0	61	2	380	399	1.13e-07	40.0
SRR1039520.12406247	sp|P08238|HS90B_HUMAN	85.7	21	3	0	63	1	27	47	3.74e-06	35.8
SRR1039520.2135198	sp|Q90415|RXRAB_DANRE	90.0	20	2	0	3	62	15	34	4.03e-07	38.5
SRR1039520.7323827	sp|P51532|SMCA4_HUMAN	100	14	0	0	1	42	119	132	3.01e-04	30.4
SRR1039520.15144877	sp|P51531|SMCA2_HUMAN	100	21	0	0	1	63	1058	1078	2.73e-09	44.7
SRR1039520.9596197	sp|Q15788|NCOA1_HUMAN	100	20	0	0	62	3	621	640	1.70e-08	42.4
SRR1039520.15064334	sp|Q9NRY4|RHG35_HUMAN	100	20	0	0	62	3	86	105	2.90e-10	47.4
SRR1039520.18521276	sp|P08238|HS90B_HUMAN	100	21	0	0	63	1	589	609	4.74e-11	49.7
SRR1039520.14547887	sp|P08238|HS90B_HUMAN	100	20	0	0	62	3	355	374	5.50e-10	46.6
SRR1039520.15517663	tr|W1PJ14|W1PJ14_AMBTC	68.4	19	6	0	62	6	467	485	8.22e-05	32.0
SRR1039520.4718615	sp|P08238|HS90B_HUMAN	90.5	21	2	0	1	63	187	207	2.22e-07	39.3
SRR1039520.5586049	sp|P51532|SMCA4_HUMAN	70.6	17	5	0	2	52	1040	1056	2.30e-05	33.5
SRR1039520.11101716	sp|Q64127|TIF1A_MOUSE	63.6	22	5	1	62	6	64	85	1.88e-06	36.6
SRR1039520.11949774	sp|P40763|STAT3_HUMAN	100	19	0	0	62	6	752	770	1.72e-08	42.4
SRR1039520.6133658	sp|Q9NRY4|RHG35_HUMAN	100	21	0	0	63	1	664	684	5.63e-07	38.1
SRR1039520.19856354	sp|P08238|HS90B_HUMAN	95.0	20	1	0	61	2	311	330	1.92e-09	45.1
SRR1039520.5388197	sp|Q96H86|ZN764_HUMAN	60.0	20	8	0	62	3	181	200	2.37e-05	33.5
SRR1039520.9996327	sp|P09471|GNAO_HUMAN	75.0	20	5	0	2	61	48	67	1.27e-05	34.3
SRR1039520.942135	sp|Q9NRY4|RHG35_HUMAN	100	20	0	0	62	3	80	99	2.59e-09	44.7
SRR1039520.1244789	sp|O43889|CREB3_HUMAN	100	20	0	0	2	61	188	207	3.62e-06	35.8
SRR1039520.21130733	sp|Q925J9|MED1_MOUSE	95.0	20	1	0	61	2	393	412	2.59e-09	44.7
SRR1039520.18219435	sp|P51532|SMCA4_HUMAN	80.0	20	4	0	62	3	1164	1183	1.11e-07	40.0
SRR1039520.11085116	tr|W1PJ14|W1PJ14_AMBTC	85.0	20	3	0	61	2	538	557	5.42e-07	38.1
SRR1039520.19010475	tr|A0A480LKS3|A0A480LKS3_PIG	100	21	0	0	63	1	92	112	1.86e-08	42.4
SRR1039520.3847605	sp|P08238|HS90B_HUMAN	100	21	0	0	63	1	595	615	2.27e-10	47.8
SRR1039520.4703618	sp|P08238|HS90B_HUMAN	100	20	0	0	2	61	640	659	8.24e-08	40.4
SRR1039520.20994205	sp|P08238|HS90B_HUMAN	85.7	21	3	0	63	1	29	49	2.22e-07	39.3
SRR1039520.12616172	sp|P40763|STAT3_HUMAN	65.0	20	7	0	2	61	448	467	2.87e-04	30.4
SRR1039520.15370710	sp|P09471|GNAO_HUMAN	66.7	21	7	0	1	63	162	182	1.21e-04	31.6
SRR1039520.14565603	sp|P08238|HS90B_HUMAN	85.0	20	3	0	61	2	203	222	4.92e-09	43.9
SRR1039520.14478972	sp|P51532|SMCA4_HUMAN	70.6	17	5	0	5	55	1035	1051	6.56e-06	35.0
SRR1039520.20263899	sp|P08238|HS90B_HUMAN	90.5	21	2	0	63	1	54	74	1.81e-08	42.4
SRR1039520.9997996	tr|A0A8I3NIH7|A0A8I3NIH7_CANLF	100	20	0	0	62	3	285	304	1.42e-09	45.4
SRR1039520.13677044	sp|Q9NRY4|RHG35_HUMAN	100	21	0	0	63	1	688	708	3.06e-10	47.4
SRR1039520.4198486	sp|P08238|HS90B_HUMAN	100	20	0	0	61	2	611	630	5.50e-10	46.6
SRR1039520.14037500	sp|P51532|SMCA4_HUMAN	100	20	0	0	61	2	380	399	3.54e-09	44.3
SRR1039520.9389070	sp|P01116|RASK_HUMAN	73.7	19	5	0	3	59	99	117	6.17e-05	32.3
SRR1039520.19866868	sp|P08238|HS90B_HUMAN	100	20	0	0	62	3	24	43	2.11e-07	39.3
SRR1039520.4187673	sp|Q925J9|MED1_MOUSE	100	20	0	0	3	62	874	893	2.85e-07	38.9
SRR1039520.13351542	sp|P23771|GATA3_HUMAN	75.0	20	5	0	3	62	323	342	4.01e-07	38.5
SRR1039520.15323227	sp|P51531|SMCA2_HUMAN	100	20	0	0	3	62	1132	1151	1.55e-10	48.1
SRR1039520.17504823	sp|Q9NRY4|RHG35_HUMAN	100	20	0	0	61	2	1384	1403	2.90e-10	47.4
SRR1039520.19274871	sp|P08238|HS90B_HUMAN	100	20	0	0	3	62	327	346	3.60e-09	44.3
SRR1039520.8694921	sp|P40763|STAT3_HUMAN	100	20	0	0	3	62	2	21	4.91e-09	43.9
SRR1039520.2068423	sp|Q90417|RXRBB_DANRE	55.0	20	9	0	3	62	399	418	7.49e-04	29.3
SRR1039520.5048045	sp|P09471|GNAO_HUMAN	85.0	20	3	0	2	61	187	206	1.29e-08	42.7
SRR1039520.7801345	sp|P08238|HS90B_HUMAN	100	21	0	0	63	1	457	477	3.79e-09	44.3
SRR1039520.6380767	sp|P09471|GNAO_HUMAN	80.0	20	4	0	61	2	205	224	1.16e-07	40.0
SRR1039520.8509110	sp|P01116|RASK_HUMAN	84.2	19	3	0	58	2	102	120	5.36e-08	40.8
SRR1039520.6223092	sp|P08238|HS90B_HUMAN	95.0	20	1	0	61	2	397	416	3.95e-07	38.5
SRR1039520.9886251	sp|P40763|STAT3_HUMAN	95.2	21	1	0	1	63	246	266	1.36e-11	51.2
SRR1039520.59792	sp|P40763|STAT3_HUMAN	100	21	0	0	63	1	198	218	3.04e-07	38.9
SRR1039520.13391673	sp|P51532|SMCA4_HUMAN	60.0	20	8	0	1	60	1188	1207	7.75e-04	29.3
SRR1039520.13514636	sp|P08238|HS90B_HUMAN	60.0	20	8	0	60	1	86	105	6.32e-05	32.3
SRR1039520.13059429	sp|Q925J9|MED1_MOUSE	90.0	20	2	0	2	61	740	759	7.30e-07	37.7
SRR1039520.2090795	tr|A0A480LKS3|A0A480LKS3_PIG	100	20	0	0	62	3	177	196	2.42e-08	42.0
SRR1039520.8316878	sp|Q9Y692|GMEB1_HUMAN	100	16	0	0	61	14	558	573	2.61e-06	36.2
SRR1039520.256312	sp|P08238|HS90B_HUMAN	90.0	20	2	0	61	2	526	545	1.01e-06	37.4
SRR1039520.2102032	sp|P08238|HS90B_HUMAN	55.6	18	8	0	8	61	368	385	8.18e-05	32.0
SRR1039520.16536239	sp|P08238|HS90B_HUMAN	100	21	0	0	1	63	345	365	3.39e-08	41.6
SRR1039520.10515288	sp|Q92831|KAT2B_HUMAN	94.4	18	1	0	61	8	176	193	1.12e-07	40.0
SRR1039520.3636484	tr|A0A670JPT3|A0A670JPT3_PODMU	100	21	0	0	1	63	451	471	1.09e-09	45.8
SRR1039520.5221301	sp|P08238|HS90B_HUMAN	95.0	20	1	0	61	2	397	416	3.95e-07	38.5
SRR1039520.17295733	sp|P08238|HS90B_HUMAN	71.4	21	6	0	1	63	471	491	5.69e-07	38.1
SRR1039520.13567536	sp|P40763|STAT3_HUMAN	100	21	0	0	63	1	506	526	2.02e-09	45.1
SRR1039520.959430	sp|P08238|HS90B_HUMAN	90.5	21	2	0	63	1	193	213	1.08e-09	45.8
SRR1039520.16109795	sp|P08238|HS90B_HUMAN	100	20	0	0	61	2	425	444	5.50e-10	46.6
SRR1039520.19154946	sp|P40763|STAT3_HUMAN	100	20	0	0	61	2	464	483	6.15e-11	49.3
SRR1039520.8968122	sp|P08238|HS90B_HUMAN	90.5	21	2	0	1	63	415	435	4.64e-08	41.2
SRR1039520.12706712	sp|P51531|SMCA2_HUMAN	100	20	0	0	62	3	915	934	6.63e-09	43.5
SRR1039520.10319017	sp|P08238|HS90B_HUMAN	95.0	20	1	0	2	61	345	364	1.13e-07	40.0
SRR1039520.1643526	sp|P40763|STAT3_HUMAN	100	21	0	0	63	1	609	629	2.26e-10	47.8
SRR1039520.1678908	sp|P08238|HS90B_HUMAN	90.5	21	2	0	63	1	638	658	1.62e-07	39.7
SRR1039520.18226868	tr|W1PJ14|W1PJ14_AMBTC	84.2	19	3	0	58	2	528	546	2.90e-07	38.9
SRR1039520.13849905	sp|Q9UKL3|C8AP2_HUMAN	100	20	0	0	2	61	1343	1362	3.54e-09	44.3
SRR1039520.12717317	tr|W1PJ14|W1PJ14_AMBTC	83.3	18	3	0	61	8	547	564	2.90e-07	38.9
SRR1039520.4154676	sp|P09471|GNAO_HUMAN	80.0	20	4	0	62	3	42	61	7.57e-07	37.7
SRR1039520.13641015	tr|A2BGS7|A2BGS7_DANRE	90.0	20	2	0	61	2	110	129	6.25e-09	43.5
SRR1039520.16469215	sp|P08238|HS90B_HUMAN	100	20	0	0	2	61	696	715	8.24e-08	40.4
SRR1039520.9523394	sp|P08238|HS90B_HUMAN	100	21	0	0	63	1	326	346	2.27e-10	47.8
SRR1039520.16111417	sp|B2RWS6|EP300_MOUSE	100	20	0	0	62	3	1317	1336	1.69e-08	42.4
SRR1039520.5119566	tr|W1PJ14|W1PJ14_AMBTC	70.0	20	6	0	60	1	466	485	9.63e-06	34.7
SRR1039520.14246709	tr|W1PJ14|W1PJ14_AMBTC	70.0	20	6	0	62	3	466	485	6.67e-06	35.0
SRR1039520.12168137	sp|Q64127|TIF1A_MOUSE	100	20	0	0	2	61	512	531	7.46e-10	46.2
SRR1039520.13148501	sp|P08238|HS90B_HUMAN	100	20	0	0	2	61	310	329	1.15e-10	48.5
SRR1039520.17469050	sp|Q9NRY4|RHG35_HUMAN	71.4	21	6	0	63	1	485	505	3.70e-06	35.8
SRR1039520.11676069	sp|Q15788|NCOA1_HUMAN	100	20	0	0	61	2	427	446	9.99e-07	37.4
SRR1039520.525996	sp|P51532|SMCA4_HUMAN	100	20	0	0	2	61	1226	1245	5.94e-08	40.8
SRR1039520.596248	sp|P09471|GNAO_HUMAN	76.2	21	5	0	1	63	317	337	1.22e-07	40.0
SRR1039520.17188400	sp|P08238|HS90B_HUMAN	100	20	0	0	62	3	162	181	1.41e-09	45.4
SRR1039520.4546112	sp|P08238|HS90B_HUMAN	95.0	20	1	0	3	62	670	689	2.63e-09	44.7
SRR1039520.11818049	tr|W1PJ14|W1PJ14_AMBTC	70.0	20	6	0	60	1	466	485	9.63e-06	34.7
SRR1039520.15128167	sp|P42345|MTOR_HUMAN	100	21	0	0	1	63	329	349	1.45e-09	45.4
SRR1039520.12816190	sp|P08238|HS90B_HUMAN	70.0	20	6	0	62	3	459	478	3.19e-05	33.1
SRR1039520.1053948	sp|P08238|HS90B_HUMAN	95.2	21	1	0	63	1	396	416	8.68e-08	40.4
SRR1039520.4782924	sp|P08238|HS90B_HUMAN	100	20	0	0	2	61	91	110	1.72e-08	42.4
SRR1039520.16053637	sp|Q90416|RXRGA_DANRE	95.0	20	1	0	2	61	359	378	8.37e-08	40.4
SRR1039520.8821229	sp|P40763|STAT3_HUMAN	100	21	0	0	1	63	573	593	8.85e-11	48.9
SRR1039520.12106598	sp|P51532|SMCA4_HUMAN	90.0	20	2	0	61	2	906	925	7.29e-07	37.7
SRR1039520.7229813	sp|P40763|STAT3_HUMAN	100	20	0	0	2	61	93	112	1.03e-09	45.8
SRR1039520.5972964	sp|P51532|SMCA4_HUMAN	78.9	19	4	0	5	61	1183	1201	4.32e-05	32.7
SRR1039520.3150394	sp|P08238|HS90B_HUMAN	100	20	0	0	3	62	583	602	7.52e-10	46.2
SRR1039520.13957741	sp|P51531|SMCA2_HUMAN	100	21	0	0	1	63	913	933	7.81e-10	46.2
SRR1039520.1252442	sp|O43889|CREB3_HUMAN	100	21	0	0	1	63	124	144	1.36e-08	42.7
SRR1039520.1650064	sp|P08238|HS90B_HUMAN	100	20	0	0	61	2	682	701	1.72e-08	42.4
SRR1039520.12350416	sp|P08238|HS90B_HUMAN	75.0	20	5	0	3	62	502	521	1.13e-07	40.0
SRR1039520.6526600	sp|P08238|HS90B_HUMAN	85.7	21	3	0	1	63	642	662	6.35e-08	40.8
SRR1039520.20593293	tr|W1PJ14|W1PJ14_AMBTC	83.3	18	3	0	61	8	547	564	2.90e-07	38.9
SRR1039520.8702324	sp|Q15788|NCOA1_HUMAN	100	21	0	0	63	1	1250	1270	1.79e-08	42.4
SRR1039520.17439804	sp|P40763|STAT3_HUMAN	100	20	0	0	62	3	510	529	2.35e-08	42.0
SRR1039520.9535843	sp|P08238|HS90B_HUMAN	85.0	20	3	0	2	61	78	97	7.39e-07	37.7
SRR1039520.15881297	sp|P08238|HS90B_HUMAN	100	20	0	0	2	61	354	373	7.52e-10	46.2
SRR1039520.20987541	sp|P09471|GNAO_HUMAN	63.2	19	7	0	6	62	166	184	2.93e-04	30.4
SRR1039520.4013292	sp|P08238|HS90B_HUMAN	100	20	0	0	2	61	406	425	4.40e-08	41.2
SRR1039520.1138652	sp|P42345|MTOR_HUMAN	100	17	0	0	61	11	2533	2549	1.73e-11	50.8
SRR1039520.10915146	sp|P40763|STAT3_HUMAN	100	20	0	0	2	61	144	163	1.54e-07	39.7
SRR1039520.459666	sp|B2RWS6|EP300_MOUSE	90.0	20	2	0	2	61	1563	1582	4.78e-06	35.4
SRR1039520.6279707	sp|P08238|HS90B_HUMAN	100	20	0	0	3	62	2	21	1.13e-07	40.0
SRR1039520.18942265	sp|P51532|SMCA4_HUMAN	76.2	21	5	0	63	1	906	926	5.06e-06	35.4
SRR1039520.824035	sp|P51532|SMCA4_HUMAN	95.0	20	1	0	3	62	1078	1097	3.17e-08	41.6
SRR1039520.7996050	sp|P09471|GNAO_HUMAN	81.0	21	4	0	63	1	137	157	4.75e-08	41.2
SRR1039520.18313320	sp|O43889|CREB3_HUMAN	90.5	21	2	0	63	1	152	172	3.10e-04	30.4
SRR1039520.4806105	sp|P51532|SMCA4_HUMAN	90.0	20	2	0	3	62	288	307	1.37e-06	37.0
SRR1039520.8036286	sp|P08238|HS90B_HUMAN	94.7	19	1	0	7	63	41	59	1.07e-06	37.4
SRR1039520.4559222	sp|P08238|HS90B_HUMAN	66.7	21	7	0	63	1	499	519	4.16e-07	38.5
SRR1039520.87249	sp|P51531|SMCA2_HUMAN	100	20	0	0	2	61	507	526	4.34e-08	41.2
SRR1039520.18438089	sp|Q92993|KAT5_HUMAN	100	20	0	0	62	3	477	496	9.29e-09	43.1
SRR1039520.3643448	sp|P51531|SMCA2_HUMAN	95.0	20	1	0	62	3	976	995	5.94e-08	40.8
SRR1039520.14737710	sp|B2RWS6|EP300_MOUSE	90.0	20	2	0	2	61	441	460	2.55e-06	36.2
SRR1039520.10994204	sp|P08238|HS90B_HUMAN	100	20	0	0	62	3	95	114	1.26e-08	42.7
SRR1039520.1848970	sp|P08238|HS90B_HUMAN	100	20	0	0	61	2	700	719	1.26e-08	42.7
SRR1039520.20643289	tr|A0A7K8ESY1|A0A7K8ESY1_LEURO	75.0	20	5	0	2	61	337	356	8.30e-05	32.0
SRR1039520.3011830	sp|P08238|HS90B_HUMAN	100	20	0	0	61	2	336	355	4.92e-09	43.9
SRR1039520.17166313	sp|P08238|HS90B_HUMAN	95.0	20	1	0	3	62	293	312	1.41e-09	45.4
SRR1039520.19464977	sp|P23771|GATA3_HUMAN	95.0	20	1	0	3	62	302	321	4.01e-07	38.5
SRR1039520.17522599	sp|P09471|GNAO_HUMAN	63.2	19	7	0	5	61	166	184	2.93e-04	30.4
SRR1039520.6992315	sp|P08238|HS90B_HUMAN	100	20	0	0	3	62	67	86	6.73e-09	43.5
SRR1039520.10039525	tr|A2BGS7|A2BGS7_DANRE	76.5	17	4	0	52	2	105	121	1.03e-06	37.4
SRR1039520.1670411	tr|W1PJ14|W1PJ14_AMBTC	60.0	20	8	0	1	60	473	492	1.63e-04	31.2
SRR1039520.20343384	sp|P08238|HS90B_HUMAN	65.0	20	7	0	2	61	71	90	2.33e-05	33.5
SRR1039520.15367574	sp|Q9NRY4|RHG35_HUMAN	100	21	0	0	63	1	908	928	1.63e-10	48.1
SRR1039520.12098536	sp|P40763|STAT3_HUMAN	100	21	0	0	63	1	164	184	3.09e-10	47.4
SRR1039520.12618936	tr|W1PJ14|W1PJ14_AMBTC	85.0	20	3	0	61	2	538	557	5.42e-07	38.1
SRR1039520.791705	sp|P08238|HS90B_HUMAN	100	21	0	0	63	1	485	505	1.81e-08	42.4
SRR1039520.5139715	sp|P51531|SMCA2_HUMAN	100	20	0	0	61	2	1291	1310	2.32e-08	42.0
SRR1039520.18284351	tr|A0A480PNE7|A0A480PNE7_PIG	100	21	0	0	63	1	364	384	2.05e-09	45.1
SRR1039520.16373039	tr|W1PJ14|W1PJ14_AMBTC	88.2	17	2	0	55	5	528	544	1.02e-06	37.4
SRR1039520.8035924	sp|P51532|SMCA4_HUMAN	100	21	0	0	1	63	846	866	5.71e-10	46.6
SRR1039520.13131788	sp|P08238|HS90B_HUMAN	100	20	0	0	62	3	174	193	1.41e-09	45.4
SRR1039520.18344990	sp|P08238|HS90B_HUMAN	100	20	0	0	3	62	17	36	2.35e-08	42.0
SRR1039520.1406652	sp|Q92831|KAT2B_HUMAN	90.5	21	2	0	63	1	608	628	2.02e-09	45.1
SRR1039520.3566195	sp|P09471|GNAO_HUMAN	95.2	21	1	0	1	63	32	52	1.66e-07	39.7
SRR1039520.12656784	sp|P08238|HS90B_HUMAN	100	20	0	0	2	61	590	609	5.50e-10	46.6
SRR1039520.11474445	sp|O43889|CREB3_HUMAN	90.0	20	2	0	2	61	151	170	4.01e-04	30.0
SRR1039520.18501526	sp|B2RWS6|EP300_MOUSE	90.0	20	2	0	3	62	1259	1278	2.36e-11	50.4
SRR1039520.1049622	sp|P08238|HS90B_HUMAN	55.0	20	9	0	4	63	364	383	4.17e-04	30.0
SRR1039520.9880748	sp|B2RWS6|EP300_MOUSE	95.0	20	1	0	3	62	2263	2282	1.52e-07	39.7
SRR1039520.3424253	sp|P08238|HS90B_HUMAN	87.5	16	2	0	63	16	709	724	4.61e-05	32.7
SRR1039520.103465	sp|P42345|MTOR_HUMAN	100	21	0	0	1	63	1392	1412	1.63e-10	48.1
SRR1039520.15691298	sp|P51532|SMCA4_HUMAN	100	21	0	0	1	63	502	522	2.45e-08	42.0
SRR1039520.20623762	sp|Q90416|RXRGA_DANRE	78.9	19	4	0	7	63	387	405	3.79e-06	35.8
SRR1039520.8145094	sp|P40763|STAT3_HUMAN	100	20	0	0	3	62	507	526	2.35e-08	42.0
SRR1039520.14211070	sp|P40763|STAT3_HUMAN	100	20	0	0	2	61	492	511	8.41e-11	48.9
SRR1039520.865708	tr|W1PJ14|W1PJ14_AMBTC	60.0	20	8	0	61	2	468	487	2.11e-04	30.8
SRR1039520.18713662	sp|Q9UKL3|C8AP2_HUMAN	100	20	0	0	2	61	843	862	1.69e-08	42.4
SRR1039520.18751145	sp|P08238|HS90B_HUMAN	60.0	20	8	0	61	2	28	47	2.88e-04	30.4
SRR1039520.12250545	sp|P51531|SMCA2_HUMAN	100	21	0	0	63	1	1029	1049	4.17e-10	47.0
SRR1039520.13529503	sp|B2RWS6|EP300_MOUSE	100	21	0	0	1	63	1936	1956	9.52e-09	43.1
SRR1039520.2887793	sp|Q92831|KAT2B_HUMAN	100	20	0	0	2	61	339	358	9.17e-09	43.1
SRR1039520.9921622	sp|P08238|HS90B_HUMAN	71.4	21	6	0	63	1	389	409	1.62e-04	31.2
SRR1039520.7246895	sp|P09471|GNAO_HUMAN	80.0	20	4	0	2	61	69	88	2.38e-05	33.5
SRR1039520.5126814	sp|Q9NRY4|RHG35_HUMAN	100	20	0	0	61	2	824	843	6.64e-09	43.5
SRR1039520.3050236	sp|P09471|GNAO_HUMAN	75.0	20	5	0	3	62	50	69	3.63e-06	35.8
SRR1039520.2833725	sp|P08238|HS90B_HUMAN	61.9	21	8	0	1	63	135	155	3.37e-05	33.1
SRR1039520.20901292	sp|P09471|GNAO_HUMAN	85.0	20	3	0	61	2	191	210	1.29e-08	42.7
SRR1039520.13025722	sp|B2RWS6|EP300_MOUSE	100	19	0	0	5	61	330	348	1.52e-07	39.7
SRR1039520.7655943	sp|P08238|HS90B_HUMAN	75.0	20	5	0	61	2	376	395	5.40e-07	38.1
SRR1039520.6218848	sp|P08238|HS90B_HUMAN	100	20	0	0	3	62	124	143	3.60e-09	44.3
SRR1039520.4948298	sp|P08238|HS90B_HUMAN	100	20	0	0	3	62	275	294	2.94e-10	47.4
SRR1039520.21056386	sp|P40763|STAT3_HUMAN	100	21	0	0	63	1	358	378	7.91e-10	46.2
SRR1039520.3048476	tr|W1PJ14|W1PJ14_AMBTC	84.2	19	3	0	59	3	528	546	2.90e-07	38.9
SRR1039520.3162841	tr|W1PJ14|W1PJ14_AMBTC	57.1	21	9	0	1	63	501	521	1.80e-05	33.9
SRR1039520.10943894	tr|A0A670JPT3|A0A670JPT3_PODMU	90.0	20	2	0	61	2	135	154	1.16e-10	48.5
SRR1039520.8674754	sp|P08238|HS90B_HUMAN	90.0	20	2	0	62	3	638	657	7.39e-07	37.7
SRR1039520.13837753	tr|A0A8I3NIH7|A0A8I3NIH7_CANLF	70.0	20	6	0	63	4	262	281	3.39e-05	33.1
SRR1039520.8654634	sp|P51532|SMCA4_HUMAN	100	21	0	0	63	1	1302	1322	1.07e-09	45.8
SRR1039520.12481589	sp|P09471|GNAO_HUMAN	75.0	20	5	0	62	3	72	91	7.53e-04	29.3
SRR1039520.8829989	sp|P08238|HS90B_HUMAN	71.4	21	6	0	63	1	389	409	1.62e-04	31.2
SRR1039520.4325736	tr|A0A8I3NIH7|A0A8I3NIH7_CANLF	100	20	0	0	2	61	283	302	1.59e-10	48.1
SRR1039520.4215550	sp|P08238|HS90B_HUMAN	100	20	0	0	61	2	307	326	1.15e-10	48.5
SRR1039520.19846026	sp|P51532|SMCA4_HUMAN	100	20	0	0	2	61	1496	1515	8.12e-08	40.4
SRR1039520.14593056	sp|P40763|STAT3_HUMAN	100	20	0	0	62	3	242	261	5.05e-12	52.4
SRR1039520.8098845	sp|Q9NRY4|RHG35_HUMAN	100	20	0	0	3	62	655	674	6.07e-11	49.3
SRR1039520.21232362	sp|P09471|GNAO_HUMAN	80.0	20	4	0	2	61	187	206	8.45e-08	40.4
SRR1039520.19854536	sp|P08238|HS90B_HUMAN	100	20	0	0	3	62	432	451	1.72e-08	42.4
SRR1039520.475484	sp|P08238|HS90B_HUMAN	95.2	21	1	0	63	1	28	48	1.32e-08	42.7
SRR1039520.16407383	sp|Q8SQ19|CREB3_BOVIN	81.0	21	4	0	63	1	150	170	3.10e-04	30.4
SRR1039520.7936730	sp|P08238|HS90B_HUMAN	100	20	0	0	2	61	128	147	6.02e-08	40.8
SRR1039520.7576126	sp|P08238|HS90B_HUMAN	100	20	0	0	2	61	634	653	2.88e-07	38.9
SRR1039520.2472910	sp|P51532|SMCA4_HUMAN	100	20	0	0	61	2	864	883	5.42e-10	46.6
SRR1039520.15681355	sp|P08238|HS90B_HUMAN	100	20	0	0	61	2	495	514	1.26e-08	42.7
SRR1039520.15873915	sp|P08238|HS90B_HUMAN	100	20	0	0	62	3	355	374	5.50e-10	46.6
SRR1039520.11976392	sp|P08238|HS90B_HUMAN	85.0	20	3	0	61	2	429	448	2.11e-07	39.3
SRR1039520.4676769	sp|Q9NRY4|RHG35_HUMAN	95.2	21	1	0	63	1	2	22	5.11e-09	43.9
SRR1039520.13244992	sp|P01116|RASK_HUMAN	85.0	20	3	0	3	62	56	75	1.96e-07	39.3
SRR1039520.13129509	sp|P08238|HS90B_HUMAN	81.0	21	4	0	1	63	678	698	3.04e-07	38.9
SRR1039520.15141720	sp|Q9UGP4|LIMD1_HUMAN	100	21	0	0	63	1	213	233	2.54e-11	50.4
SRR1039520.5174646	sp|P08238|HS90B_HUMAN	100	21	0	0	63	1	658	678	5.18e-09	43.9
SRR1039520.281368	sp|P08238|HS90B_HUMAN	65.0	20	7	0	63	4	697	716	5.71e-04	29.6
SRR1039520.1327561	tr|A0A670JPT3|A0A670JPT3_PODMU	95.2	21	1	0	1	63	150	170	2.57e-11	50.4
SRR1039520.8250088	sp|P16220|CREB1_HUMAN	77.8	18	4	0	10	63	150	167	1.66e-04	31.2
SRR1039520.17612565	sp|P51531|SMCA2_HUMAN	100	21	0	0	63	1	1130	1150	1.19e-10	48.5
SRR1039520.19787121	sp|P51532|SMCA4_HUMAN	85.0	20	3	0	2	61	1293	1312	1.68e-05	33.9
SRR1039520.20690363	sp|P08238|HS90B_HUMAN	100	16	0	0	14	61	9	24	1.53e-04	31.2
SRR1039520.9098145	sp|P51531|SMCA2_HUMAN	100	20	0	0	62	3	526	545	9.07e-09	43.1
SRR1039520.13464163	sp|P09471|GNAO_HUMAN	90.0	20	2	0	60	1	35	54	4.26e-07	38.5
SRR1039520.15439646	sp|P08238|HS90B_HUMAN	95.2	21	1	0	1	63	532	552	1.19e-07	40.0
SRR1039520.13293981	tr|W1PJ14|W1PJ14_AMBTC	88.2	17	2	0	12	62	528	544	1.39e-06	37.0
SRR1039520.10199025	sp|B2RWS6|EP300_MOUSE	100	21	0	0	63	1	1448	1468	9.74e-12	51.6
SRR1039520.20237413	sp|P08238|HS90B_HUMAN	90.0	20	2	0	62	3	638	657	7.39e-07	37.7
SRR1039520.13486864	sp|P08238|HS90B_HUMAN	100	20	0	0	61	2	108	127	2.88e-07	38.9
SRR1039520.772250	sp|P08238|HS90B_HUMAN	95.0	20	1	0	3	62	116	135	1.54e-07	39.7
SRR1039520.5725304	sp|P08238|HS90B_HUMAN	100	20	0	0	2	61	345	364	4.40e-08	41.2
SRR1039520.16178137	sp|P08238|HS90B_HUMAN	100	20	0	0	3	62	82	101	4.40e-08	41.2
SRR1039520.4578141	tr|A0A670JPT3|A0A670JPT3_PODMU	76.2	21	5	0	63	1	268	288	1.64e-07	39.7
SRR1039520.16455144	tr|A0A670JPT3|A0A670JPT3_PODMU	100	20	0	0	2	61	200	219	1.27e-08	42.7
SRR1039520.8489010	sp|O35973|PER1_MOUSE	95.0	20	1	0	61	2	470	489	5.96e-08	40.8
SRR1039520.17702121	tr|A0A480LKS3|A0A480LKS3_PIG	100	20	0	0	61	2	299	318	4.14e-10	47.0
SRR1039520.3702668	sp|P28704|RXRB_MOUSE	100	20	0	0	61	2	144	163	4.45e-08	41.2
SRR1039520.18447222	sp|P08238|HS90B_HUMAN	70.0	20	6	0	2	61	511	530	3.22e-08	41.6
SRR1039520.14279165	sp|P08238|HS90B_HUMAN	100	21	0	0	63	1	590	610	2.27e-10	47.8
SRR1039520.13315577	sp|P08238|HS90B_HUMAN	80.0	20	4	0	2	61	450	469	4.85e-06	35.4
SRR1039520.11258331	sp|P51531|SMCA2_HUMAN	100	21	0	0	63	1	1460	1480	2.23e-10	47.8
SRR1039520.5978423	sp|Q9UGP4|LIMD1_HUMAN	66.7	21	7	0	1	63	562	582	1.33e-08	42.7
SRR1039520.11927647	sp|P51532|SMCA4_HUMAN	100	20	0	0	61	2	1044	1063	8.29e-11	48.9
SRR1039520.7428949	sp|P08238|HS90B_HUMAN	100	20	0	0	62	3	324	343	2.63e-09	44.7
SRR1039520.15642743	sp|Q61026|NCOA2_MOUSE	95.0	20	1	0	62	3	705	724	3.50e-06	35.8
SRR1039520.11475873	sp|P09471|GNAO_HUMAN	80.0	20	4	0	63	4	144	163	1.49e-06	37.0
SRR1039520.1903211	sp|B2RWS6|EP300_MOUSE	100	21	0	0	63	1	1665	1685	3.13e-13	55.8
SRR1039520.17883603	sp|P08238|HS90B_HUMAN	100	21	0	0	63	1	203	223	3.10e-10	47.4
SRR1039520.2254481	sp|P09471|GNAO_HUMAN	75.0	20	5	0	1	60	210	229	1.49e-06	37.0
SRR1039520.13010057	tr|A0A670JPT3|A0A670JPT3_PODMU	85.0	20	3	0	2	61	451	470	2.61e-06	36.2
SRR1039520.17194077	sp|P09471|GNAO_HUMAN	75.0	20	5	0	2	61	283	302	1.58e-07	39.7
SRR1039520.18686877	sp|P51531|SMCA2_HUMAN	100	21	0	0	1	63	165	185	7.81e-10	46.2
SRR1039520.15968983	sp|Q15788|NCOA1_HUMAN	100	21	0	0	1	63	312	332	2.00e-09	45.1
SRR1039520.7512285	sp|B2RWS6|EP300_MOUSE	83.3	18	3	0	55	2	2051	2068	1.00e-03	28.9
SRR1039520.8946926	sp|P08238|HS90B_HUMAN	100	20	0	0	61	2	276	295	1.15e-10	48.5
SRR1039520.14445666	sp|P40763|STAT3_HUMAN	100	20	0	0	3	62	700	719	1.92e-09	45.1
SRR1039520.402009	sp|Q925J9|MED1_MOUSE	95.2	21	1	0	63	1	309	329	1.07e-09	45.8
SRR1039520.6085538	sp|P08238|HS90B_HUMAN	100	21	0	0	63	1	89	109	9.69e-09	43.1
SRR1039520.8186596	tr|A0AA88PK51|A0AA88PK51_9TELE	73.7	19	5	0	62	6	1032	1050	3.51e-06	35.8
SRR1039520.13947280	sp|P08238|HS90B_HUMAN	100	21	0	0	63	1	648	668	6.35e-08	40.8
SRR1039520.18770965	sp|P08238|HS90B_HUMAN	80.0	20	4	0	2	61	203	222	1.13e-07	40.0
SRR1039520.4241592	sp|Q9UGP4|LIMD1_HUMAN	75.0	20	5	0	3	62	510	529	1.90e-06	36.6
SRR1039520.2420343	sp|P51531|SMCA2_HUMAN	62.5	16	6	0	63	16	1007	1022	6.25e-05	32.3
SRR1039520.10979985	sp|P08238|HS90B_HUMAN	81.0	21	4	0	1	63	210	230	4.64e-08	41.2
SRR1039520.16822013	sp|P08238|HS90B_HUMAN	90.5	21	2	0	1	63	423	443	9.69e-09	43.1
SRR1039520.15209229	sp|B2RWS6|EP300_MOUSE	100	20	0	0	62	3	1764	1783	4.42e-11	49.7
SRR1039520.21036717	sp|P08238|HS90B_HUMAN	60.0	20	8	0	3	62	496	515	8.18e-05	32.0
SRR1039520.2328760	sp|P09471|GNAO_HUMAN	93.3	15	1	0	45	1	35	49	2.26e-04	30.8
SRR1039520.17184000	sp|P08238|HS90B_HUMAN	95.2	21	1	0	1	63	29	49	5.18e-09	43.9
SRR1039520.7685221	sp|P09471|GNAO_HUMAN	90.0	20	2	0	2	61	38	57	8.45e-08	40.4
SRR1039520.5806592	sp|P42345|MTOR_HUMAN	100	21	0	0	63	1	176	196	7.77e-10	46.2
SRR1039520.15679785	tr|W1PJ14|W1PJ14_AMBTC	70.0	20	6	0	3	62	495	514	1.02e-06	37.4
SRR1039520.11089382	sp|P51532|SMCA4_HUMAN	100	20	0	0	61	2	1499	1518	1.24e-08	42.7
SRR1039520.13248640	sp|Q9NRY4|RHG35_HUMAN	100	20	0	0	62	3	1269	1288	6.64e-09	43.5
SRR1039520.16945898	sp|P09471|GNAO_HUMAN	80.0	20	4	0	1	60	205	224	1.66e-07	39.7
SRR1039520.13357401	tr|W1PJ14|W1PJ14_AMBTC	85.0	20	3	0	62	3	539	558	1.13e-07	40.0
SRR1039520.15065222	tr|A0A670JPT3|A0A670JPT3_PODMU	95.0	20	1	0	62	3	312	331	4.45e-08	41.2
SRR1039520.9107666	sp|P08238|HS90B_HUMAN	80.0	20	4	0	63	4	378	397	1.07e-06	37.4
SRR1039520.13344955	sp|P09471|GNAO_HUMAN	81.0	21	4	0	1	63	202	222	5.31e-09	43.9
SRR1039520.3701232	sp|Q92831|KAT2B_HUMAN	100	17	0	0	52	2	337	353	1.38e-06	37.0
SRR1039520.19569155	sp|P11473|VDR_HUMAN	100	20	0	0	61	2	204	223	1.15e-07	40.0
SRR1039520.4386898	sp|P40763|STAT3_HUMAN	100	20	0	0	3	62	114	133	6.01e-08	40.8
SRR1039520.11893592	sp|P11473|VDR_HUMAN	100	21	0	0	63	1	245	265	3.85e-09	44.3
SRR1039520.4348149	sp|P40763|STAT3_HUMAN	100	20	0	0	2	61	188	207	1.54e-07	39.7
SRR1039520.20801879	sp|P08238|HS90B_HUMAN	100	21	0	0	1	63	579	599	2.27e-10	47.8
SRR1039520.13421174	tr|A8QZ73|A8QZ73_MAIZE	83.3	18	3	0	56	3	107	124	1.23e-07	39.7
SRR1039520.6894752	sp|P09471|GNAO_HUMAN	80.0	20	4	0	2	61	187	206	8.45e-08	40.4
SRR1039520.19212782	tr|W1PJ14|W1PJ14_AMBTC	90.0	20	2	0	60	1	530	549	1.82e-08	42.4
SRR1039520.4886093	sp|P08238|HS90B_HUMAN	85.0	20	3	0	2	61	77	96	5.40e-07	38.1
SRR1039520.7431456	tr|A0A480LKS3|A0A480LKS3_PIG	100	20	0	0	3	62	297	316	7.74e-10	46.2
SRR1039520.13284934	sp|P51532|SMCA4_HUMAN	100	21	0	0	1	63	364	384	1.60e-07	39.7
SRR1039520.14666203	sp|P08238|HS90B_HUMAN	100	20	0	0	62	3	690	709	8.24e-08	40.4
SRR1039520.9087342	sp|P08238|HS90B_HUMAN	100	20	0	0	2	61	203	222	4.02e-10	47.0
SRR1039520.6330391	sp|P08238|HS90B_HUMAN	95.0	20	1	0	61	2	54	73	2.35e-08	42.0
SRR1039520.19603588	sp|P09471|GNAO_HUMAN	100	20	0	0	3	62	41	60	3.69e-09	44.3
SRR1039520.15499672	sp|P51532|SMCA4_HUMAN	75.0	20	5	0	2	61	1174	1193	3.89e-07	38.5
SRR1039520.18958454	sp|Q92831|KAT2B_HUMAN	100	20	0	0	62	3	706	725	3.58e-09	44.3
SRR1039520.20538407	sp|P51531|SMCA2_HUMAN	100	20	0	0	2	61	618	637	5.42e-10	46.6
SRR1039520.18439054	sp|P20815|CP3A5_HUMAN	85.7	21	3	0	63	1	368	388	9.79e-09	43.1
SRR1039520.11659873	tr|A0A480LKS3|A0A480LKS3_PIG	100	20	0	0	61	2	119	138	9.58e-12	51.6
SRR1039520.20176616	sp|P51531|SMCA2_HUMAN	100	20	0	0	61	2	705	724	5.94e-08	40.8
SRR1039520.13520520	sp|P40763|STAT3_HUMAN	75.0	20	5	0	63	4	24	43	1.19e-07	40.0
SRR1039520.16125696	sp|Q61026|NCOA2_MOUSE	100	20	0	0	61	2	519	538	4.35e-08	41.2
SRR1039520.15493691	tr|W1PJ14|W1PJ14_AMBTC	60.0	20	8	0	61	2	468	487	2.11e-04	30.8
SRR1039520.153367	sp|P23771|GATA3_HUMAN	100	20	0	0	3	62	284	303	7.04e-12	52.0
SRR1039520.10765601	tr|W1PJ14|W1PJ14_AMBTC	70.0	20	6	0	60	1	466	485	9.63e-06	34.7
SRR1039520.5587862	sp|P51532|SMCA4_HUMAN	100	21	0	0	1	63	844	864	8.73e-11	48.9
SRR1039520.13287705	sp|P08238|HS90B_HUMAN	100	20	0	0	3	62	617	636	2.15e-10	47.8
SRR1039520.4238210	sp|P08238|HS90B_HUMAN	100	20	0	0	3	62	419	438	1.72e-08	42.4
SRR1039520.7424239	tr|A0A670JPT3|A0A670JPT3_PODMU	95.0	20	1	0	3	62	352	371	1.27e-08	42.7
SRR1039520.6223996	sp|P10275|ANDR_HUMAN	100	20	0	0	62	3	23	42	1.57e-10	48.1
SRR1039520.2305477	sp|P08238|HS90B_HUMAN	100	21	0	0	63	1	425	445	2.27e-10	47.8
SRR1039520.15670872	sp|P08238|HS90B_HUMAN	90.0	20	2	0	2	61	652	671	1.01e-06	37.4
SRR1039520.14728331	tr|A0A480PNE7|A0A480PNE7_PIG	100	20	0	0	61	2	17	36	6.26e-11	49.3
SRR1039520.4028402	tr|W1PJ14|W1PJ14_AMBTC	60.0	20	8	0	3	62	498	517	6.00e-05	32.3
SRR1039520.10726451	sp|P40763|STAT3_HUMAN	100	21	0	0	63	1	278	298	1.32e-08	42.7
SRR1039520.8837445	sp|P08238|HS90B_HUMAN	100	20	0	0	3	62	308	327	1.15e-10	48.5
SRR1039520.17926036	tr|W1PJ14|W1PJ14_AMBTC	73.7	19	5	0	5	61	492	510	1.25e-05	34.3
SRR1039520.9908775	sp|P51532|SMCA4_HUMAN	84.2	19	3	0	7	63	905	923	9.48e-06	34.7
SRR1039520.4699692	sp|B2RWS6|EP300_MOUSE	94.7	19	1	0	62	6	192	210	1.11e-07	40.0
SRR1039520.8194639	sp|P09471|GNAO_HUMAN	81.0	21	4	0	63	1	246	266	3.11e-07	38.9
SRR1039520.15599236	sp|P08238|HS90B_HUMAN	85.0	20	3	0	61	2	648	667	2.59e-06	36.2
SRR1039520.5314073	tr|A8QZ73|A8QZ73_MAIZE	77.8	18	4	0	8	61	107	124	1.69e-06	36.6
SRR1039520.13303216	tr|W1PJ14|W1PJ14_AMBTC	57.1	21	9	0	1	63	468	488	1.63e-04	31.2
SRR1039520.3066979	sp|P40763|STAT3_HUMAN	100	21	0	0	63	1	281	301	1.32e-08	42.7
SRR1039520.1933270	sp|Q9NRY4|RHG35_HUMAN	100	20	0	0	62	3	308	327	1.90e-09	45.1
SRR1039520.5520159	tr|W1PJ14|W1PJ14_AMBTC	85.7	21	3	0	63	1	537	557	1.82e-08	42.4
SRR1039520.11280066	sp|P08238|HS90B_HUMAN	95.0	20	1	0	3	62	273	292	1.72e-08	42.4
SRR1039520.4566451	tr|A0AAW1ANN7|A0AAW1ANN7_CROAD	61.9	21	8	0	1	63	127	147	5.19e-06	35.4
SRR1039520.18750909	sp|Q9NRY4|RHG35_HUMAN	100	20	0	0	61	2	144	163	1.39e-09	45.4
SRR1039520.3936974	sp|P08238|HS90B_HUMAN	100	20	0	0	62	3	314	333	3.60e-09	44.3
SRR1039520.682544	sp|P08238|HS90B_HUMAN	100	20	0	0	61	2	3	22	3.95e-07	38.5
SRR1039520.20772748	sp|P08238|HS90B_HUMAN	81.0	21	4	0	63	1	548	568	1.62e-04	31.2
SRR1039520.6303466	tr|A0A480LKS3|A0A480LKS3_PIG	100	20	0	0	62	3	206	225	1.30e-08	42.7
SRR1039520.11654081	sp|P08238|HS90B_HUMAN	76.2	21	5	0	63	1	64	84	1.07e-06	37.4
SRR1039520.20958428	sp|P08238|HS90B_HUMAN	100	20	0	0	62	3	597	616	1.41e-09	45.4
SRR1039520.12355173	sp|B2RWS6|EP300_MOUSE	90.0	20	2	0	3	62	1901	1920	8.95e-06	34.7
SRR1039520.16832713	sp|Q925J9|MED1_MOUSE	88.9	18	2	0	3	56	905	922	5.33e-07	38.1
SRR1039520.14022046	sp|Q92831|KAT2B_HUMAN	95.0	20	1	0	2	61	523	542	1.92e-09	45.1
SRR1039520.13179527	sp|Q9NRY4|RHG35_HUMAN	100	21	0	0	63	1	725	745	6.39e-11	49.3
SRR1039520.1387991	tr|A0A670JPT3|A0A670JPT3_PODMU	95.0	20	1	0	61	2	308	327	2.13e-07	39.3
SRR1039520.9833963	sp|P08238|HS90B_HUMAN	100	21	0	0	63	1	89	109	9.69e-09	43.1
SRR1039520.19871408	sp|P08238|HS90B_HUMAN	80.0	20	4	0	2	61	125	144	3.95e-07	38.5
SRR1039520.16633024	sp|P09471|GNAO_HUMAN	90.0	20	2	0	2	61	260	279	7.57e-07	37.7
SRR1039520.11615895	sp|Q64127|TIF1A_MOUSE	71.4	21	6	0	1	63	161	181	1.30e-05	34.3
SRR1039520.797621	sp|P01116|RASK_HUMAN	82.4	17	3	0	3	53	31	47	2.38e-05	33.5
SRR1039520.6863086	sp|Q92993|KAT5_HUMAN	85.0	20	3	0	3	62	316	335	3.25e-08	41.6
SRR1039520.14694960	sp|P08238|HS90B_HUMAN	100	20	0	0	3	62	683	702	2.35e-08	42.0
SRR1039520.12197192	sp|P08238|HS90B_HUMAN	100	20	0	0	61	2	468	487	1.72e-08	42.4
SRR1039520.13916556	sp|P51532|SMCA4_HUMAN	85.7	21	3	0	63	1	1161	1181	2.00e-09	45.1
SRR1039520.1007437	sp|B2RWS6|EP300_MOUSE	100	20	0	0	2	61	1182	1201	3.23e-11	50.1
SRR1039520.18327756	sp|P40763|STAT3_HUMAN	50.0	20	10	0	62	3	475	494	7.38e-04	29.3
SRR1039520.15694351	sp|B2RWS6|EP300_MOUSE	100	15	0	0	18	62	287	301	6.54e-06	35.0
SRR1039520.1771726	sp|P09471|GNAO_HUMAN	75.0	20	5	0	3	62	210	229	3.63e-06	35.8
SRR1039520.5964972	sp|P08238|HS90B_HUMAN	75.0	20	5	0	3	62	452	471	1.70e-05	33.9
SRR1039520.18101772	sp|P08238|HS90B_HUMAN	100	21	0	0	1	63	583	603	1.21e-10	48.5
SRR1039520.3911044	sp|B2RWS6|EP300_MOUSE	90.0	20	2	0	2	61	576	595	1.69e-08	42.4
SRR1039520.7369140	sp|Q9UGP4|LIMD1_HUMAN	95.2	21	1	0	1	63	541	561	4.75e-11	49.7
SRR1039520.14111258	sp|P08238|HS90B_HUMAN	100	20	0	0	61	2	294	313	7.52e-10	46.2
SRR1039520.3980710	sp|B2RWS6|EP300_MOUSE	94.4	18	1	0	62	9	1899	1916	1.68e-05	33.9
SRR1039520.8643957	sp|P09471|GNAO_HUMAN	75.0	20	5	0	1	60	197	216	3.47e-08	41.6
SRR1039520.5281256	sp|P08238|HS90B_HUMAN	90.5	21	2	0	63	1	403	423	4.64e-08	41.2
SRR1039520.18019359	tr|A0A480LKS3|A0A480LKS3_PIG	100	20	0	0	62	3	300	319	1.98e-09	45.1
SRR1039520.176229	sp|P08238|HS90B_HUMAN	100	19	0	0	1	57	214	232	7.01e-06	35.0
SRR1039520.19693015	sp|Q15788|NCOA1_HUMAN	100	20	0	0	2	61	702	721	9.99e-07	37.4
SRR1039520.14046352	tr|W1PJ14|W1PJ14_AMBTC	82.4	17	3	0	3	53	548	564	1.39e-06	37.0
SRR1039520.14516413	sp|Q9NRY4|RHG35_HUMAN	60.0	20	8	0	62	3	1377	1396	1.52e-04	31.2
SRR1039520.2138408	sp|Q15788|NCOA1_HUMAN	100	20	0	0	3	62	369	388	1.70e-08	42.4
SRR1039520.15634419	sp|P08238|HS90B_HUMAN	90.5	21	2	0	63	1	360	380	4.23e-10	47.0
SRR1039520.4707172	sp|Q90416|RXRGA_DANRE	61.9	21	8	0	63	1	383	403	3.41e-05	33.1
SRR1039520.180602	tr|A2BGS7|A2BGS7_DANRE	73.7	19	5	0	57	1	105	123	3.04e-07	38.9
SRR1039520.18345220	sp|Q9NRY4|RHG35_HUMAN	100	20	0	0	2	61	1122	1141	7.30e-07	37.7
SRR1039520.2140148	sp|Q96H86|ZN764_HUMAN	77.8	18	4	0	55	2	38	55	9.24e-06	34.7
SRR1039520.11391736	sp|P09471|GNAO_HUMAN	90.0	20	2	0	1	60	213	232	1.22e-07	40.0
SRR1039520.16079213	sp|Q9UGP4|LIMD1_HUMAN	57.9	19	8	0	3	59	616	634	1.39e-06	37.0
SRR1039520.17939297	sp|P09471|GNAO_HUMAN	75.0	20	5	0	3	62	247	266	4.96e-06	35.4
SRR1039520.1539673	sp|P08238|HS90B_HUMAN	100	21	0	0	63	1	6	26	5.18e-09	43.9
SRR1039520.13716864	sp|P40763|STAT3_HUMAN	80.0	20	4	0	62	3	332	351	1.54e-07	39.7
SRR1039520.17884614	sp|P01116|RASK_HUMAN	61.1	18	7	0	55	2	52	69	7.72e-04	29.3
SRR1039520.7728398	tr|A0A480LKS3|A0A480LKS3_PIG	100	20	0	0	2	61	272	291	2.21e-10	47.8
SRR1039520.5639185	sp|P08238|HS90B_HUMAN	73.7	19	5	0	58	2	591	609	9.09e-06	34.7
SRR1039520.18835793	sp|P51532|SMCA4_HUMAN	100	21	0	0	63	1	1077	1097	1.46e-09	45.4
SRR1039520.10534656	sp|P08238|HS90B_HUMAN	100	20	0	0	61	2	686	705	2.35e-08	42.0
SRR1039520.5618965	sp|B2RWS6|EP300_MOUSE	95.0	20	1	0	3	62	1941	1960	1.11e-07	40.0
SRR1039520.5181659	tr|W1PJ14|W1PJ14_AMBTC	70.0	20	6	0	60	1	466	485	9.63e-06	34.7
SRR1039520.9930070	sp|P01116|RASK_HUMAN	65.0	20	7	0	1	60	41	60	8.93e-05	32.0
SRR1039520.16367114	sp|Q9NRY4|RHG35_HUMAN	100	21	0	0	1	63	48	68	1.63e-10	48.1
SRR1039520.5554999	sp|P08238|HS90B_HUMAN	68.4	19	6	0	59	3	703	721	1.53e-04	31.2
SRR1039520.14786435	sp|P51532|SMCA4_HUMAN	100	20	0	0	2	61	365	384	5.33e-07	38.1
SRR1039520.187239	sp|P51532|SMCA4_HUMAN	82.4	17	3	0	62	12	1179	1195	4.32e-05	32.7
SRR1039520.6001625	sp|P08238|HS90B_HUMAN	100	20	0	0	62	3	482	501	1.72e-08	42.4
SRR1039520.7182598	sp|P09471|GNAO_HUMAN	80.0	20	4	0	2	61	278	297	2.16e-07	39.3
SRR1039520.19598330	sp|P28704|RXRB_MOUSE	100	20	0	0	62	3	205	224	3.33e-11	50.1
SRR1039520.13779257	sp|P09471|GNAO_HUMAN	80.0	20	4	0	4	63	166	185	1.09e-06	37.4
SRR1039520.13855353	sp|P08238|HS90B_HUMAN	100	20	0	0	3	62	367	386	1.92e-09	45.1
SRR1039520.17811556	sp|P08238|HS90B_HUMAN	100	19	0	0	62	6	214	232	4.85e-06	35.4
SRR1039520.14245238	tr|A0A8I3NIH7|A0A8I3NIH7_CANLF	65.0	20	7	0	2	61	253	272	1.02e-06	37.4
SRR1039520.1868058	sp|P08238|HS90B_HUMAN	100	20	0	0	62	3	626	645	4.92e-09	43.9
SRR1039520.19764025	sp|P40763|STAT3_HUMAN	71.4	21	6	0	1	63	504	524	1.06e-06	37.4
SRR1039520.20710152	sp|P08238|HS90B_HUMAN	85.0	20	3	0	62	3	650	669	2.59e-06	36.2
SRR1039520.5835336	sp|P09471|GNAO_HUMAN	95.0	20	1	0	62	3	174	193	2.41e-08	42.0
SRR1039520.3795479	sp|B2RWS6|EP300_MOUSE	68.4	19	6	0	58	2	1083	1101	4.30e-05	32.7
SRR1039520.20825621	tr|A0AA88PK51|A0AA88PK51_9TELE	70.0	20	6	0	2	61	1034	1053	1.23e-05	34.3
SRR1039520.11899670	sp|P40763|STAT3_HUMAN	85.0	20	3	0	2	61	379	398	2.11e-07	39.3
SRR1039520.7215188	tr|A0A670JPT3|A0A670JPT3_PODMU	100	21	0	0	1	63	320	340	4.28e-10	47.0
SRR1039520.14226585	sp|P08238|HS90B_HUMAN	100	20	0	0	2	61	317	336	3.60e-09	44.3
SRR1039520.843605	sp|P09471|GNAO_HUMAN	82.4	17	3	0	51	1	324	340	3.44e-05	33.1
SRR1039520.6170410	sp|Q9NRY4|RHG35_HUMAN	100	21	0	0	63	1	1235	1255	3.06e-10	47.4
SRR1039520.4199298	sp|P08238|HS90B_HUMAN	100	18	0	0	2	55	215	232	2.33e-05	33.5
SRR1039520.11172651	sp|P08238|HS90B_HUMAN	100	20	0	0	2	61	547	566	2.59e-06	36.2
SRR1039520.20754400	sp|P09471|GNAO_HUMAN	83.3	18	3	0	3	56	292	309	4.96e-06	35.4
SRR1039520.1623545	tr|W1PJ14|W1PJ14_AMBTC	68.4	19	6	0	2	58	467	485	8.22e-05	32.0
SRR1039520.1790515	sp|Q64127|TIF1A_MOUSE	80.0	20	4	0	61	2	183	202	1.25e-08	42.7
SRR1039520.4686676	sp|P40763|STAT3_HUMAN	100	21	0	0	63	1	395	415	9.67e-09	43.1
SRR1039520.3393702	sp|Q9UGP4|LIMD1_HUMAN	50.0	20	10	0	3	62	619	638	2.10e-04	30.8
SRR1039520.16484157	tr|W1PJ14|W1PJ14_AMBTC	78.9	19	4	0	2	58	522	540	2.60e-06	36.2
SRR1039520.7210575	sp|P08238|HS90B_HUMAN	100	20	0	0	3	62	280	299	4.02e-10	47.0
SRR1039520.16310671	sp|P08238|HS90B_HUMAN	90.0	20	2	0	2	61	652	671	1.01e-06	37.4
SRR1039520.13157417	sp|P08238|HS90B_HUMAN	95.0	20	1	0	2	61	287	306	1.57e-10	48.1
SRR1039520.7695495	sp|P08238|HS90B_HUMAN	100	20	0	0	62	3	172	191	5.50e-10	46.6
SRR1039520.7944604	sp|P40763|STAT3_HUMAN	100	20	0	0	61	2	287	306	2.63e-09	44.7
SRR1039520.9637268	tr|A0A8I3NIH7|A0A8I3NIH7_CANLF	100	20	0	0	61	2	298	317	2.37e-08	42.0
SRR1039520.6425028	tr|W1PJ14|W1PJ14_AMBTC	90.0	20	2	0	2	61	532	551	2.64e-09	44.7
SRR1039520.20574913	sp|P08238|HS90B_HUMAN	95.0	20	1	0	61	2	128	147	8.24e-08	40.4
SRR1039520.11487357	sp|P08238|HS90B_HUMAN	100	21	0	0	63	1	291	311	4.23e-10	47.0
SRR1039520.21152818	sp|P40763|STAT3_HUMAN	61.9	21	8	0	1	63	3	23	1.62e-04	31.2
SRR1039520.6100185	sp|P09471|GNAO_HUMAN	90.0	20	2	0	60	1	170	189	6.50e-08	40.8
SRR1039520.8881443	sp|P09471|GNAO_HUMAN	85.0	20	3	0	2	61	267	286	4.96e-06	35.4
SRR1039520.9296032	sp|P51531|SMCA2_HUMAN	80.0	20	4	0	2	61	1116	1135	3.50e-06	35.8
SRR1039520.19728813	sp|P51532|SMCA4_HUMAN	65.0	20	7	0	61	2	802	821	4.79e-06	35.4
SRR1039520.10843683	sp|P09471|GNAO_HUMAN	80.0	20	4	0	62	3	205	224	1.16e-07	40.0
SRR1039520.20901340	sp|P40763|STAT3_HUMAN	100	21	0	0	1	63	237	257	5.31e-12	52.4
SRR1039520.20249638	sp|P08238|HS90B_HUMAN	100	20	0	0	2	61	590	609	5.50e-10	46.6
SRR1039520.1570215	sp|Q9NRY4|RHG35_HUMAN	100	20	0	0	3	62	456	475	1.01e-09	45.8
SRR1039520.16132433	sp|P08238|HS90B_HUMAN	100	21	0	0	1	63	324	344	4.23e-10	47.0
SRR1039520.8183959	sp|P51532|SMCA4_HUMAN	100	21	0	0	1	63	472	492	4.17e-10	47.0
SRR1039520.5767276	sp|P40763|STAT3_HUMAN	100	20	0	0	61	2	546	565	2.41e-11	50.4
SRR1039520.1536871	sp|P08238|HS90B_HUMAN	90.5	21	2	0	1	63	526	546	6.35e-08	40.8
SRR1039520.11129585	sp|Q9UGP4|LIMD1_HUMAN	55.0	20	9	0	2	61	530	549	8.20e-05	32.0
SRR1039520.10348613	sp|P08238|HS90B_HUMAN	100	20	0	0	61	2	654	673	1.13e-07	40.0
SRR1039520.5579590	sp|P08238|HS90B_HUMAN	100	20	0	0	2	61	207	226	2.63e-09	44.7
SRR1039520.18736318	sp|A2T929|RXRAA_DANRE	90.0	20	2	0	62	3	66	85	2.93e-07	38.9
SRR1039520.14633272	sp|P08238|HS90B_HUMAN	95.2	21	1	0	63	1	31	51	1.32e-08	42.7
SRR1039520.3266601	sp|Q92831|KAT2B_HUMAN	100	20	0	0	3	62	292	311	2.14e-10	47.8
SRR1039520.18504046	sp|P08238|HS90B_HUMAN	75.0	20	5	0	62	3	703	722	1.70e-05	33.9
SRR1039520.9513956	tr|A0A8I3NIH7|A0A8I3NIH7_CANLF	100	20	0	0	2	61	164	183	1.42e-09	45.4
SRR1039520.13048426	sp|P08238|HS90B_HUMAN	100	20	0	0	3	62	472	491	1.26e-08	42.7
SRR1039520.7941422	sp|P40763|STAT3_HUMAN	100	21	0	0	1	63	45	65	1.08e-09	45.8
SRR1039520.13897782	sp|P40763|STAT3_HUMAN	100	20	0	0	61	2	199	218	2.59e-06	36.2
SRR1039520.20969135	sp|O43889|CREB3_HUMAN	100	20	0	0	62	3	304	323	3.02e-10	47.4
SRR1039520.15703630	sp|P08238|HS90B_HUMAN	100	20	0	0	62	3	396	415	1.54e-07	39.7
SRR1039520.21089237	sp|O43889|CREB3_HUMAN	100	20	0	0	3	62	97	116	6.89e-09	43.5
SRR1039520.13104033	sp|Q64127|TIF1A_MOUSE	82.4	17	3	0	2	52	190	206	1.11e-04	31.6
SRR1039520.17972586	sp|P08238|HS90B_HUMAN	100	20	0	0	61	2	279	298	5.50e-10	46.6
SRR1039520.11470114	sp|P08238|HS90B_HUMAN	100	20	0	0	3	62	113	132	3.22e-08	41.6
SRR1039520.9271673	sp|Q9NRY4|RHG35_HUMAN	100	21	0	0	63	1	393	413	4.18e-10	47.0
SRR1039520.635641	sp|P08238|HS90B_HUMAN	95.0	20	1	0	3	62	317	336	6.73e-09	43.5
SRR1039520.21167691	sp|Q9NRY4|RHG35_HUMAN	100	15	0	0	52	8	1485	1499	8.10e-05	32.0
SRR1039520.8602632	sp|Q61026|NCOA2_MOUSE	100	20	0	0	2	61	1222	1241	2.32e-08	42.0
SRR1039520.7191842	tr|A0A8I3NIH7|A0A8I3NIH7_CANLF	100	20	0	0	62	3	152	171	1.42e-09	45.4
SRR1039520.2971220	sp|P08238|HS90B_HUMAN	100	21	0	0	63	1	179	199	4.64e-08	41.2
SRR1039520.19408615	sp|P51531|SMCA2_HUMAN	100	20	0	0	61	2	390	409	8.13e-08	40.4
SRR1039520.18939402	sp|P40763|STAT3_HUMAN	100	21	0	0	1	63	472	492	2.53e-11	50.4
SRR1039520.5144385	sp|Q9NRY4|RHG35_HUMAN	63.2	19	7	0	62	6	658	676	1.68e-05	33.9
SRR1039520.11565858	sp|P09471|GNAO_HUMAN	80.0	20	4	0	60	1	282	301	6.50e-08	40.8
SRR1039520.14546752	sp|P08238|HS90B_HUMAN	100	20	0	0	2	61	477	496	6.02e-08	40.8
SRR1039520.16621039	sp|P08238|HS90B_HUMAN	85.0	20	3	0	62	3	619	638	8.24e-08	40.4
SRR1039520.13968814	sp|P08238|HS90B_HUMAN	85.7	21	3	0	63	1	348	368	8.68e-08	40.4
SRR1039520.848459	sp|P08238|HS90B_HUMAN	66.7	21	7	0	1	63	464	484	4.61e-05	32.7
SRR1039520.5357855	tr|W1PJ14|W1PJ14_AMBTC	73.7	19	5	0	5	61	492	510	1.25e-05	34.3
SRR1039520.20415501	sp|P09471|GNAO_HUMAN	94.7	19	1	0	62	6	199	217	3.02e-10	47.4
SRR1039520.19537856	sp|O43889|CREB3_HUMAN	100	20	0	0	2	61	209	228	3.62e-06	35.8
SRR1039520.10417541	sp|P09471|GNAO_HUMAN	89.5	19	2	0	3	59	39	57	2.96e-07	38.9
SRR1039520.1593198	sp|P08238|HS90B_HUMAN	100	20	0	0	61	2	425	444	5.50e-10	46.6
SRR1039520.8911117	sp|Q9NRY4|RHG35_HUMAN	100	21	0	0	1	63	1129	1149	6.27e-08	40.8
SRR1039520.13309910	tr|A0A3M0IZD0|A0A3M0IZD0_HIRRU	86.7	15	2	0	61	17	3	17	9.38e-06	34.7
SRR1039520.7425867	sp|B2RWS6|EP300_MOUSE	100	20	0	0	61	2	1564	1583	6.60e-09	43.5
SRR1039520.15310284	sp|P10275|ANDR_HUMAN	95.0	20	1	0	3	62	565	584	6.13e-11	49.3
SRR1039520.283960	tr|W1PJ14|W1PJ14_AMBTC	88.2	17	2	0	54	4	528	544	1.47e-06	37.0
SRR1039520.14564034	sp|Q9NRY4|RHG35_HUMAN	65.0	20	7	0	61	2	1381	1400	2.31e-05	33.5
SRR1039520.12247206	sp|P08238|HS90B_HUMAN	52.4	21	10	0	63	1	360	380	1.62e-04	31.2
SRR1039520.16771732	sp|P51531|SMCA2_HUMAN	100	18	0	0	2	55	1382	1399	1.52e-07	39.7
SRR1039520.6804531	sp|P42345|MTOR_HUMAN	100	21	0	0	63	1	875	895	3.72e-09	44.3
SRR1039520.13035014	sp|P40763|STAT3_HUMAN	90.0	20	2	0	60	1	382	401	2.22e-07	39.3
SRR1039520.1416151	sp|P08238|HS90B_HUMAN	100	20	0	0	61	2	698	717	6.02e-08	40.8
SRR1039520.10323129	tr|W1PJ14|W1PJ14_AMBTC	85.7	21	3	0	63	1	540	560	5.20e-09	43.9
SRR1039520.13584341	tr|W1PJ14|W1PJ14_AMBTC	66.7	21	7	0	63	1	496	516	3.76e-06	35.8
SRR1039520.8091810	sp|P08238|HS90B_HUMAN	85.0	20	3	0	61	2	157	176	2.88e-07	38.9
SRR1039520.11549501	sp|P08238|HS90B_HUMAN	85.0	20	3	0	61	2	164	183	1.38e-06	37.0
SRR1039520.9663567	sp|Q9NRY4|RHG35_HUMAN	100	20	0	0	62	3	1210	1229	2.08e-07	39.3
SRR1039520.15659697	sp|O43889|CREB3_HUMAN	100	21	0	0	63	1	36	56	9.08e-11	48.9
SRR1039520.12697858	sp|P42345|MTOR_HUMAN	100	20	0	0	61	2	962	981	1.23e-08	42.7
SRR1039520.13988649	sp|P08238|HS90B_HUMAN	85.7	21	3	0	63	1	609	629	3.39e-08	41.6
SRR1039520.10001537	tr|W1PJ14|W1PJ14_AMBTC	85.0	20	3	0	61	2	538	557	5.42e-07	38.1
SRR1039520.6380776	tr|A0AA88PK51|A0AA88PK51_9TELE	60.0	20	8	0	60	1	1057	1076	5.67e-04	29.6
SRR1039520.10260453	sp|B2RWS6|EP300_MOUSE	90.0	20	2	0	61	2	1113	1132	3.62e-12	52.8
SRR1039520.10043529	sp|P43354|NR4A2_HUMAN	100	20	0	0	61	2	559	578	9.25e-09	43.1
SRR1039520.18705662	sp|P08238|HS90B_HUMAN	90.0	20	2	0	3	62	425	444	9.20e-09	43.1
SRR1039520.8241109	sp|P51532|SMCA4_HUMAN	81.0	21	4	0	63	1	1165	1185	6.26e-08	40.8
SRR1039520.2645381	sp|P08238|HS90B_HUMAN	100	21	0	0	1	63	415	435	5.18e-09	43.9
SRR1039520.5453532	sp|P40763|STAT3_HUMAN	100	20	0	0	62	3	82	101	6.01e-08	40.8
SRR1039520.5333796	sp|P40763|STAT3_HUMAN	100	20	0	0	61	2	383	402	3.59e-09	44.3
SRR1039520.10015857	tr|W1PJ14|W1PJ14_AMBTC	90.0	20	2	0	2	61	530	549	4.94e-09	43.9
SRR1039520.7075279	sp|P51531|SMCA2_HUMAN	100	16	0	0	63	16	1496	1511	7.75e-04	29.3
SRR1039520.11983268	tr|A0A480LKS3|A0A480LKS3_PIG	100	20	0	0	2	61	111	130	1.80e-11	50.8
SRR1039520.16268175	sp|P08238|HS90B_HUMAN	85.0	20	3	0	2	61	203	222	4.92e-09	43.9
SRR1039520.8527871	sp|P09471|GNAO_HUMAN	95.2	21	1	0	63	1	208	228	4.86e-11	49.7
SRR1039520.3816835	tr|A0A670JPT3|A0A670JPT3_PODMU	100	16	0	0	15	62	297	312	2.35e-05	33.5
SRR1039520.2684019	sp|P08238|HS90B_HUMAN	100	20	0	0	62	3	28	47	1.26e-08	42.7
SRR1039520.5747232	sp|P40763|STAT3_HUMAN	100	20	0	0	62	3	542	561	3.29e-11	50.1
SRR1039520.12744810	sp|P51532|SMCA4_HUMAN	100	21	0	0	63	1	924	944	6.38e-11	49.3
SRR1039520.1775796	sp|P01116|RASK_HUMAN	68.4	19	6	0	3	59	99	117	2.19e-04	30.8
SRR1039520.9725807	sp|O43889|CREB3_HUMAN	100	21	0	0	63	1	55	75	1.36e-08	42.7
SRR1039520.18365201	sp|P08238|HS90B_HUMAN	76.2	21	5	0	63	1	382	402	5.12e-06	35.4
SRR1039520.12503128	sp|P51531|SMCA2_HUMAN	100	20	0	0	3	62	1491	1510	7.29e-07	37.7
SRR1039520.7775535	sp|Q925J9|MED1_MOUSE	90.0	20	2	0	62	3	946	965	2.32e-08	42.0
SRR1039520.15533595	sp|P51531|SMCA2_HUMAN	100	20	0	0	61	2	526	545	9.07e-09	43.1
SRR1039520.17842722	sp|P08238|HS90B_HUMAN	100	20	0	0	2	61	396	415	1.54e-07	39.7
SRR1039520.6286993	sp|P01116|RASK_HUMAN	85.0	20	3	0	3	62	98	117	2.70e-07	38.9
SRR1039520.9922956	sp|P08238|HS90B_HUMAN	100	20	0	0	61	2	207	226	2.63e-09	44.7
SRR1039520.2196123	sp|P08238|HS90B_HUMAN	100	21	0	0	1	63	366	386	8.86e-11	48.9
SRR1039520.8934533	sp|P08238|HS90B_HUMAN	100	20	0	0	62	3	436	455	3.22e-08	41.6
SRR1039520.20021768	sp|O43889|CREB3_HUMAN	100	21	0	0	63	1	103	123	3.47e-08	41.6
SRR1039520.16433865	sp|P08238|HS90B_HUMAN	100	19	0	0	61	5	279	297	2.63e-09	44.7
SRR1039520.462262	tr|W1PJ14|W1PJ14_AMBTC	60.0	20	8	0	61	2	468	487	2.11e-04	30.8
SRR1039520.15595836	sp|P08238|HS90B_HUMAN	95.0	20	1	0	61	2	344	363	1.13e-07	40.0
SRR1039520.15887559	tr|W1PJ14|W1PJ14_AMBTC	70.0	20	6	0	60	1	466	485	9.63e-06	34.7
SRR1039520.12330759	sp|P09471|GNAO_HUMAN	78.9	19	4	0	5	61	136	154	6.79e-06	35.0
SRR1039520.12915838	sp|P08238|HS90B_HUMAN	55.0	20	9	0	4	63	364	383	4.17e-04	30.0
SRR1039520.6950440	sp|P09471|GNAO_HUMAN	94.7	19	1	0	2	58	211	229	1.29e-08	42.7
SRR1039520.19987143	sp|P08238|HS90B_HUMAN	80.0	20	4	0	3	62	549	568	1.12e-04	31.6
SRR1039520.16993272	sp|P51532|SMCA4_HUMAN	85.0	20	3	0	2	61	1161	1180	3.17e-08	41.6
SRR1039520.3314928	sp|P08238|HS90B_HUMAN	100	20	0	0	3	62	392	411	1.38e-06	37.0
SRR1039520.20841688	sp|P40763|STAT3_HUMAN	100	21	0	0	1	63	711	731	2.02e-09	45.1
SRR1039520.7577537	sp|Q92831|KAT2B_HUMAN	100	20	0	0	3	62	344	363	1.03e-09	45.8
SRR1039520.1654976	sp|P08238|HS90B_HUMAN	100	17	0	0	13	63	272	288	5.12e-06	35.4
SRR1039520.4683297	sp|P08238|HS90B_HUMAN	80.0	20	4	0	62	3	436	455	1.89e-06	36.6
SRR1039520.6534454	sp|P19793|RXRA_HUMAN	100	20	0	0	2	61	15	34	1.75e-08	42.4
SRR1039520.4732816	sp|P08238|HS90B_HUMAN	100	20	0	0	62	3	470	489	1.26e-08	42.7
