SRR1039512.202382	sp|O35973|PER1_MOUSE	95.0	20	1	0	61	2	778	797	1.11e-07	40.0
SRR1039512.584407	sp|O35973|PER1_MOUSE	100	19	0	0	63	7	1093	1111	1.06e-06	37.4
SRR1039512.2266242	sp|O35973|PER1_MOUSE	100	21	0	0	63	1	407	427	1.64e-10	48.1
SRR1039512.2530915	sp|O35973|PER1_MOUSE	80.0	20	4	0	62	3	569	588	1.23e-05	34.3
SRR1039512.2904197	sp|O35973|PER1_MOUSE	100	20	0	0	3	62	1158	1177	2.56e-06	36.2
SRR1039512.3055135	sp|O35973|PER1_MOUSE	100	20	0	0	62	3	344	363	2.91e-10	47.4
SRR1039512.3821131	sp|O35973|PER1_MOUSE	100	21	0	0	1	63	354	374	9.81e-12	51.6
SRR1039512.4202090	sp|O35973|PER1_MOUSE	95.0	20	1	0	62	3	628	647	1.02e-09	45.8
SRR1039512.4302584	sp|O35973|PER1_MOUSE	100	20	0	0	3	62	1125	1144	1.39e-09	45.4
SRR1039512.4309170	sp|O35973|PER1_MOUSE	90.0	20	2	0	2	61	1138	1157	2.56e-06	36.2
SRR1039512.4346895	sp|O35973|PER1_MOUSE	95.2	21	1	0	1	63	194	214	1.31e-08	42.7
SRR1039512.4574951	sp|O35973|PER1_MOUSE	100	20	0	0	3	62	79	98	3.51e-06	35.8
SRR1039512.4811942	sp|O35973|PER1_MOUSE	95.0	20	1	0	61	2	213	232	1.53e-07	39.7
SRR1039512.5022375	sp|O35973|PER1_MOUSE	100	20	0	0	2	61	1127	1146	1.39e-09	45.4
SRR1039512.5133229	sp|P01116|RASK_HUMAN	63.2	19	7	0	63	7	7	25	1.68e-04	31.2
SRR1039512.5257223	sp|P43354|NR4A2_HUMAN	85.0	20	3	0	4	63	463	482	8.91e-11	48.9
SRR1039512.5545849	sp|O35973|PER1_MOUSE	100	13	0	0	63	25	880	892	2.20e-04	30.8
SRR1039512.5713262	sp|O35973|PER1_MOUSE	95.2	21	1	0	63	1	468	488	1.31e-08	42.7
SRR1039512.5890143	sp|O35973|PER1_MOUSE	100	21	0	0	1	63	139	159	1.79e-08	42.4
SRR1039512.6568568	sp|O35973|PER1_MOUSE	89.5	19	2	0	4	60	939	957	3.34e-05	33.1
SRR1039512.6609291	sp|O35973|PER1_MOUSE	100	20	0	0	4	63	69	88	1.30e-05	34.3
SRR1039512.6613788	sp|O35973|PER1_MOUSE	100	20	0	0	2	61	518	537	1.53e-07	39.7
SRR1039512.6634973	sp|O35973|PER1_MOUSE	100	20	0	0	3	62	328	347	8.32e-11	48.9
SRR1039512.6756731	sp|O35973|PER1_MOUSE	90.5	21	2	0	63	1	234	254	1.79e-08	42.4
SRR1039512.6797851	sp|O35973|PER1_MOUSE	100	20	0	0	2	61	151	170	6.65e-09	43.5
SRR1039512.7705146	sp|O35973|PER1_MOUSE	95.0	20	1	0	61	2	198	217	3.91e-07	38.5
SRR1039512.7909170	sp|O35973|PER1_MOUSE	100	21	0	0	63	1	82	102	3.71e-06	35.8
SRR1039512.8286074	sp|O35973|PER1_MOUSE	100	20	0	0	2	61	966	985	1.02e-09	45.8
SRR1039512.8320347	sp|O35973|PER1_MOUSE	90.0	20	2	0	2	61	1200	1219	4.86e-09	43.9
SRR1039512.8883360	sp|O35973|PER1_MOUSE	88.2	17	2	0	12	62	818	834	2.85e-07	38.9
SRR1039512.9965646	sp|O35973|PER1_MOUSE	85.7	21	3	0	63	1	270	290	8.59e-08	40.4
SRR1039512.10858336	sp|O35973|PER1_MOUSE	100	20	0	0	61	2	393	412	6.65e-09	43.5
SRR1039512.10934755	sp|O35973|PER1_MOUSE	100	16	0	0	63	16	736	751	3.71e-06	35.8
SRR1039512.11307457	sp|O35973|PER1_MOUSE	95.2	21	1	0	1	63	914	934	3.74e-09	44.3
SRR1039512.11760036	sp|O35973|PER1_MOUSE	100	20	0	0	61	2	83	102	1.23e-05	34.3
SRR1039512.11941384	sp|O35973|PER1_MOUSE	89.5	19	2	0	59	3	906	924	6.58e-06	35.0
SRR1039512.11970597	sp|O35973|PER1_MOUSE	100	20	0	0	3	62	119	138	7.31e-07	37.7
SRR1039512.12098273	sp|O35973|PER1_MOUSE	84.2	19	3	0	3	59	921	939	3.91e-07	38.5
SRR1039512.12210019	sp|O35973|PER1_MOUSE	85.7	21	3	0	63	1	507	527	8.59e-08	40.4
SRR1039512.12621594	sp|O35973|PER1_MOUSE	100	20	0	0	2	61	1153	1172	2.09e-07	39.3
SRR1039512.13038259	sp|O35973|PER1_MOUSE	100	20	0	0	3	62	382	401	1.14e-10	48.5
SRR1039512.13443955	sp|O35973|PER1_MOUSE	100	20	0	0	61	2	128	147	1.00e-06	37.4
SRR1039512.13937093	sp|O35973|PER1_MOUSE	84.2	19	3	0	61	5	921	939	3.91e-07	38.5
SRR1039512.14328128	sp|P43354|NR4A2_HUMAN	73.7	19	5	0	6	62	504	522	5.43e-07	38.1
SRR1039512.14712995	sp|O35973|PER1_MOUSE	95.0	20	1	0	61	2	205	224	3.18e-08	41.6
SRR1039512.14816446	sp|O35973|PER1_MOUSE	100	21	0	0	63	1	378	398	1.46e-09	45.4
SRR1039512.15054236	sp|O35973|PER1_MOUSE	90.0	20	2	0	61	2	1202	1221	9.09e-09	43.1
SRR1039512.15391156	sp|O35973|PER1_MOUSE	80.0	20	4	0	62	3	293	312	9.00e-06	34.7
SRR1039512.15759935	sp|O35973|PER1_MOUSE	95.2	21	1	0	63	1	478	498	9.58e-09	43.1
SRR1039512.16159391	sp|O35973|PER1_MOUSE	100	20	0	0	3	62	322	341	1.02e-09	45.8
SRR1039512.16275536	sp|O35973|PER1_MOUSE	100	20	0	0	2	61	99	118	3.51e-06	35.8
SRR1039512.16445923	sp|O35973|PER1_MOUSE	95.2	21	1	0	1	63	196	216	3.36e-08	41.6
SRR1039512.16647042	sp|O35973|PER1_MOUSE	100	21	0	0	63	1	132	152	2.45e-08	42.0
SRR1039512.16715602	sp|O35973|PER1_MOUSE	90.0	20	2	0	62	3	276	295	9.09e-09	43.1
SRR1039512.16771258	sp|P43354|NR4A2_HUMAN	61.9	21	8	0	63	1	482	502	1.81e-05	33.9
SRR1039512.16814144	sp|O35973|PER1_MOUSE	95.2	21	1	0	1	63	21	41	5.12e-09	43.9
SRR1039512.17533535	sp|P43354|NR4A2_HUMAN	95.0	20	1	0	3	62	323	342	2.37e-08	42.0
SRR1039512.17992425	sp|O35973|PER1_MOUSE	90.5	21	2	0	63	1	818	838	1.07e-09	45.8
SRR1039512.18153385	sp|O35973|PER1_MOUSE	100	20	0	0	3	62	139	158	5.96e-08	40.8
SRR1039512.18237612	sp|O35973|PER1_MOUSE	100	20	0	0	61	2	128	147	1.00e-06	37.4
SRR1039512.18285719	sp|O35973|PER1_MOUSE	100	17	0	0	11	61	69	85	5.35e-04	29.6
SRR1039512.18415610	sp|O35973|PER1_MOUSE	100	19	0	0	2	58	695	713	8.15e-08	40.4
SRR1039512.18577924	sp|O35973|PER1_MOUSE	100	20	0	0	2	61	69	88	1.23e-05	34.3
SRR1039512.18800693	sp|P43354|NR4A2_HUMAN	60.0	20	8	0	61	2	402	421	1.25e-05	34.3
SRR1039512.19574984	sp|O35973|PER1_MOUSE	85.0	20	3	0	2	61	794	813	7.31e-07	37.7
SRR1039512.21015560	sp|O35973|PER1_MOUSE	100	20	0	0	61	2	379	398	3.55e-09	44.3
SRR1039512.21202447	sp|O35973|PER1_MOUSE	100	20	0	0	2	61	316	335	1.39e-09	45.4
SRR1039512.21302360	sp|O35973|PER1_MOUSE	95.0	20	1	0	61	2	625	644	7.43e-10	46.2
SRR1039512.21453098	sp|O35973|PER1_MOUSE	100	20	0	0	2	61	448	467	1.02e-09	45.8
SRR1039512.21871129	sp|O35973|PER1_MOUSE	100	20	0	0	62	3	1125	1144	1.39e-09	45.4
SRR1039512.21911340	sp|O35973|PER1_MOUSE	93.3	15	1	0	1	45	639	653	4.57e-05	32.7
SRR1039512.22306796	sp|O35973|PER1_MOUSE	92.9	14	1	0	17	58	1200	1213	4.80e-06	35.4
SRR1039512.22495517	sp|O35973|PER1_MOUSE	100	17	0	0	61	11	735	751	7.31e-07	37.7
SRR1039512.22749567	sp|O35973|PER1_MOUSE	90.0	20	2	0	4	63	797	816	2.20e-07	39.3
SRR1039512.23272932	sp|O35973|PER1_MOUSE	100	20	0	0	61	2	1179	1198	1.39e-09	45.4
SRR1039512.24223888	sp|O35973|PER1_MOUSE	90.5	21	2	0	1	63	1134	1154	4.59e-08	41.2
SRR1039512.24520537	sp|O35973|PER1_MOUSE	95.0	20	1	0	3	62	915	934	1.24e-08	42.7
SRR1039512.24583835	sp|O35973|PER1_MOUSE	100	20	0	0	61	2	108	127	4.80e-06	35.4
SRR1039512.24673487	sp|P43354|NR4A2_HUMAN	60.0	20	8	0	62	3	402	421	1.25e-05	34.3
SRR1039512.24805906	sp|O35973|PER1_MOUSE	95.2	21	1	0	1	63	1155	1175	7.72e-07	37.7
SRR1039512.25036663	sp|O35973|PER1_MOUSE	90.0	20	2	0	2	61	1193	1212	2.60e-09	44.7
SRR1039512.25277067	sp|O35973|PER1_MOUSE	100	16	0	0	2	49	38	53	8.11e-05	32.0
SRR1039512.25723048	sp|O35973|PER1_MOUSE	90.0	20	2	0	61	2	273	292	1.24e-08	42.7
SRR1039512.25906207	sp|O35973|PER1_MOUSE	95.2	21	1	0	63	1	20	40	2.74e-09	44.7
SRR1039512.26262774	sp|O35973|PER1_MOUSE	100	21	0	0	63	1	72	92	3.34e-05	33.1
SRR1039512.26373619	sp|O35973|PER1_MOUSE	100	20	0	0	2	61	968	987	3.55e-09	44.3
SRR1039512.27251204	sp|P43354|NR4A2_HUMAN	90.0	20	2	0	61	2	577	596	2.12e-07	39.3
SRR1039512.27376557	sp|O35973|PER1_MOUSE	100	20	0	0	61	2	379	398	3.55e-09	44.3
SRR1039512.27960542	sp|O35973|PER1_MOUSE	100	20	0	0	2	61	453	472	1.90e-09	45.1
SRR1039512.12282726	sp|P40763|STAT3_HUMAN	100	20	0	0	62	3	679	698	1.92e-09	45.1
SRR1039512.25479423	sp|P08238|HS90B_HUMAN	85.0	20	3	0	3	62	678	697	3.95e-07	38.5
SRR1039512.11081018	tr|W1PJ14|W1PJ14_AMBTC	70.0	20	6	0	3	62	495	514	1.02e-06	37.4
SRR1039512.6175621	sp|P40763|STAT3_HUMAN	100	21	0	0	63	1	701	721	7.91e-10	46.2
SRR1039512.14405068	sp|Q925J9|MED1_MOUSE	81.0	21	4	0	1	63	905	925	1.17e-07	40.0
SRR1039512.10861628	tr|A0AA88PK51|A0AA88PK51_9TELE	81.3	16	3	0	9	56	945	960	1.23e-05	34.3
SRR1039512.27842650	sp|P08238|HS90B_HUMAN	100	20	0	0	2	61	635	654	2.88e-07	38.9
SRR1039512.15241113	sp|P08238|HS90B_HUMAN	100	21	0	0	1	63	405	425	5.18e-09	43.9
SRR1039512.1444188	sp|Q9NRY4|RHG35_HUMAN	80.0	20	4	0	61	2	855	874	2.31e-05	33.5
SRR1039512.16409634	sp|P51531|SMCA2_HUMAN	100	21	0	0	63	1	451	471	3.05e-10	47.4
SRR1039512.13535514	sp|P08238|HS90B_HUMAN	100	21	0	0	1	63	131	151	2.77e-09	44.7
SRR1039512.18988824	sp|P08238|HS90B_HUMAN	100	19	0	0	57	1	196	214	4.64e-08	41.2
SRR1039512.9150333	tr|A0A670JPT3|A0A670JPT3_PODMU	90.5	21	2	0	63	1	276	296	5.23e-09	43.9
SRR1039512.2104672	sp|P08238|HS90B_HUMAN	100	20	0	0	2	61	321	340	4.92e-09	43.9
SRR1039512.11389722	sp|P09471|GNAO_HUMAN	84.2	19	3	0	4	60	277	295	1.22e-07	40.0
SRR1039512.2034351	sp|P40763|STAT3_HUMAN	100	21	0	0	63	1	397	417	1.32e-08	42.7
SRR1039512.26303934	sp|B2RWS6|EP300_MOUSE	90.5	21	0	1	63	1	2191	2209	1.97e-06	36.6
SRR1039512.5369076	tr|A0A8I3NIH7|A0A8I3NIH7_CANLF	100	20	0	0	1	60	435	454	2.04e-09	45.1
SRR1039512.394606	sp|P08238|HS90B_HUMAN	100	21	0	0	1	63	613	633	1.36e-11	51.2
SRR1039512.20856343	sp|P08238|HS90B_HUMAN	100	20	0	0	62	3	520	539	3.60e-09	44.3
SRR1039512.25547432	sp|B2RWS6|EP300_MOUSE	95.0	20	1	0	2	61	1795	1814	1.54e-10	48.1
SRR1039512.10840598	sp|P40763|STAT3_HUMAN	100	20	0	0	2	61	428	447	1.72e-08	42.4
SRR1039512.11442330	sp|P09471|GNAO_HUMAN	85.0	20	3	0	3	62	266	285	4.96e-06	35.4
SRR1039512.11814101	sp|P08238|HS90B_HUMAN	77.8	18	4	0	55	2	557	574	8.18e-05	32.0
SRR1039512.7096084	tr|A0A480LKS3|A0A480LKS3_PIG	100	20	0	0	3	62	289	308	9.48e-09	43.1
SRR1039512.23505204	sp|P08238|HS90B_HUMAN	95.0	20	1	0	62	3	605	624	1.54e-07	39.7
SRR1039512.26911245	sp|P10275|ANDR_HUMAN	100	20	0	0	3	62	749	768	2.14e-10	47.8
SRR1039512.20605465	sp|Q9NRY4|RHG35_HUMAN	100	20	0	0	3	62	948	967	1.24e-08	42.7
SRR1039512.5630355	sp|Q925J9|MED1_MOUSE	90.0	20	2	0	3	62	748	767	1.87e-06	36.6
SRR1039512.8816152	tr|W1PJ14|W1PJ14_AMBTC	70.0	20	6	0	62	3	466	485	6.67e-06	35.0
SRR1039512.15213447	sp|P11473|VDR_HUMAN	100	21	0	0	63	1	346	366	9.85e-09	43.1
SRR1039512.21556431	tr|W1PJ14|W1PJ14_AMBTC	90.5	21	2	0	63	1	533	553	8.91e-11	48.9
SRR1039512.9922492	tr|W1PJ14|W1PJ14_AMBTC	85.0	20	3	0	61	2	543	562	1.73e-08	42.4
SRR1039512.2033168	sp|P42345|MTOR_HUMAN	100	20	0	0	3	62	1097	1116	6.60e-09	43.5
SRR1039512.7414716	sp|P28704|RXRB_MOUSE	100	21	0	0	1	63	466	486	1.50e-09	45.4
SRR1039512.21405212	sp|P08238|HS90B_HUMAN	89.5	19	2	0	6	62	634	652	3.54e-06	35.8
SRR1039512.25418214	sp|P08238|HS90B_HUMAN	100	20	0	0	62	3	202	221	7.52e-10	46.2
SRR1039512.21437985	sp|P08238|HS90B_HUMAN	90.0	20	2	0	2	61	170	189	9.20e-09	43.1
SRR1039512.11369432	sp|P08238|HS90B_HUMAN	100	19	0	0	63	7	214	232	7.01e-06	35.0
SRR1039512.10402540	sp|B2RWS6|EP300_MOUSE	88.9	18	2	0	1	54	2395	2412	9.46e-06	34.7
SRR1039512.25397309	sp|P42345|MTOR_HUMAN	100	20	0	0	62	3	1215	1234	7.38e-10	46.2
SRR1039512.27253838	sp|P08238|HS90B_HUMAN	77.8	18	4	0	2	55	292	309	1.70e-05	33.9
SRR1039512.10430686	tr|W1PJ14|W1PJ14_AMBTC	68.4	19	6	0	61	5	467	485	8.22e-05	32.0
SRR1039512.1846407	sp|P08238|HS90B_HUMAN	86.7	15	2	0	6	50	596	610	4.37e-05	32.7
SRR1039512.20764145	sp|P08238|HS90B_HUMAN	100	21	0	0	1	63	619	639	1.21e-10	48.5
SRR1039512.6978961	sp|Q9NRY4|RHG35_HUMAN	100	20	0	0	2	61	123	142	3.55e-09	44.3
SRR1039512.18240993	sp|P08238|HS90B_HUMAN	100	20	0	0	61	2	372	391	3.60e-09	44.3
SRR1039512.26182104	sp|Q64127|TIF1A_MOUSE	55.6	18	8	0	6	59	61	78	8.13e-05	32.0
SRR1039512.11413177	sp|P01116|RASK_HUMAN	77.8	18	4	0	10	63	97	114	4.74e-05	32.7
SRR1039512.23103842	sp|P08238|HS90B_HUMAN	90.5	21	2	0	63	1	657	677	1.32e-08	42.7
SRR1039512.1303402	sp|P51531|SMCA2_HUMAN	100	20	0	0	3	62	603	622	2.90e-10	47.4
SRR1039512.9440370	sp|P08238|HS90B_HUMAN	100	20	0	0	3	62	51	70	1.72e-08	42.4
SRR1039512.9353751	sp|P08238|HS90B_HUMAN	71.4	21	6	0	63	1	369	389	8.68e-08	40.4
SRR1039512.18027315	sp|Q61026|NCOA2_MOUSE	95.0	20	1	0	2	61	1205	1224	1.52e-07	39.7
SRR1039512.6247880	tr|A0A670JPT3|A0A670JPT3_PODMU	81.0	21	4	0	1	63	287	307	4.20e-07	38.5
SRR1039512.9971367	tr|A0A8I3NIH7|A0A8I3NIH7_CANLF	100	20	0	0	2	61	383	402	1.59e-10	48.1
SRR1039512.27391836	sp|P08238|HS90B_HUMAN	76.2	21	5	0	63	1	449	469	2.73e-06	36.2
SRR1039512.20374405	sp|P08238|HS90B_HUMAN	85.0	20	3	0	2	61	640	659	7.39e-07	37.7
SRR1039512.12280958	sp|B2RWS6|EP300_MOUSE	100	21	0	0	1	63	577	597	1.19e-10	48.5
SRR1039512.1394014	sp|P08238|HS90B_HUMAN	95.0	20	1	0	1	60	583	602	2.02e-09	45.1
SRR1039512.25850025	sp|P42345|MTOR_HUMAN	100	20	0	0	2	61	2033	2052	6.60e-09	43.5
SRR1039512.5092949	tr|A0A480LKS3|A0A480LKS3_PIG	100	20	0	0	3	62	180	199	3.32e-08	41.6
SRR1039512.4266655	tr|A0A480LKS3|A0A480LKS3_PIG	100	20	0	0	1	60	304	323	5.95e-10	46.6
SRR1039512.19739067	sp|P51531|SMCA2_HUMAN	100	21	0	0	63	1	1338	1358	1.05e-06	37.4
SRR1039512.6058439	sp|Q15788|NCOA1_HUMAN	100	21	0	0	63	1	1144	1164	1.46e-09	45.4
SRR1039512.2692783	sp|Q9UGP4|LIMD1_HUMAN	100	20	0	0	2	61	83	102	1.41e-09	45.4
SRR1039512.13959474	tr|A0A480LKS3|A0A480LKS3_PIG	100	21	0	0	63	1	227	247	3.90e-09	44.3
SRR1039512.13344941	sp|P08238|HS90B_HUMAN	70.0	20	6	0	3	62	132	151	4.85e-06	35.4
SRR1039512.3623709	sp|P08238|HS90B_HUMAN	100	20	0	0	62	3	172	191	5.50e-10	46.6
SRR1039512.26482858	sp|P08238|HS90B_HUMAN	90.5	21	2	0	63	1	170	190	2.02e-09	45.1
SRR1039512.14558819	tr|A0A670JPT3|A0A670JPT3_PODMU	95.0	20	1	0	61	2	190	209	2.98e-10	47.4
SRR1039512.25437041	sp|P08238|HS90B_HUMAN	100	20	0	0	3	62	24	43	2.11e-07	39.3
SRR1039512.21558965	sp|B2RWS6|EP300_MOUSE	100	21	0	0	63	1	1068	1088	1.33e-11	51.2
SRR1039512.1351978	sp|O43889|CREB3_HUMAN	100	21	0	0	1	63	71	91	1.02e-11	51.6
SRR1039512.5126376	sp|P08238|HS90B_HUMAN	71.4	21	6	0	63	1	369	389	8.68e-08	40.4
SRR1039512.20412276	sp|Q925J9|MED1_MOUSE	100	20	0	0	61	2	869	888	2.08e-07	39.3
SRR1039512.15349102	sp|P08238|HS90B_HUMAN	100	20	0	0	61	2	311	330	1.15e-10	48.5
SRR1039512.6911457	sp|P08238|HS90B_HUMAN	100	20	0	0	61	2	369	388	1.41e-09	45.4
SRR1039512.27191133	sp|P51531|SMCA2_HUMAN	63.2	19	7	0	5	61	876	894	3.90e-04	30.0
SRR1039512.7384687	sp|P40763|STAT3_HUMAN	100	21	0	0	63	1	687	707	1.21e-10	48.5
SRR1039512.11844612	sp|P08238|HS90B_HUMAN	85.0	20	3	0	62	3	59	78	2.88e-07	38.9
SRR1039512.3019494	sp|P08238|HS90B_HUMAN	90.5	21	2	0	63	1	360	380	4.23e-10	47.0
SRR1039512.14704414	sp|P08238|HS90B_HUMAN	88.9	18	2	0	62	9	677	694	5.40e-07	38.1
SRR1039512.25096627	sp|P08238|HS90B_HUMAN	100	20	0	0	3	62	699	718	6.02e-08	40.8
SRR1039512.21303037	sp|O43889|CREB3_HUMAN	100	14	0	0	22	63	1	14	1.65e-04	31.2
SRR1039512.2148692	sp|P01116|RASK_HUMAN	57.9	19	8	0	2	58	60	78	1.59e-04	31.2
SRR1039512.4873425	sp|P10276|RARA_HUMAN	95.0	20	1	0	61	2	150	169	1.92e-06	36.6
SRR1039512.16444687	sp|P08238|HS90B_HUMAN	90.5	21	2	0	63	1	54	74	1.81e-08	42.4
SRR1039512.1912815	sp|P08238|HS90B_HUMAN	85.0	20	3	0	3	62	76	95	7.39e-07	37.7
SRR1039512.1322821	tr|A0A480LKS3|A0A480LKS3_PIG	100	20	0	0	2	61	243	262	6.30e-11	49.3
SRR1039512.24284479	sp|P51532|SMCA4_HUMAN	100	20	0	0	2	61	792	811	3.54e-09	44.3
SRR1039512.18022969	sp|P08238|HS90B_HUMAN	100	20	0	0	62	3	172	191	5.50e-10	46.6
SRR1039512.16874396	sp|P09471|GNAO_HUMAN	84.2	19	3	0	2	58	291	309	5.53e-07	38.1
SRR1039512.13432939	sp|P08238|HS90B_HUMAN	95.0	20	1	0	61	2	606	625	8.24e-08	40.4
SRR1039512.13715571	sp|P08238|HS90B_HUMAN	100	20	0	0	62	3	480	499	6.73e-09	43.5
SRR1039512.2114789	sp|P08238|HS90B_HUMAN	80.0	20	4	0	2	61	387	406	2.33e-05	33.5
SRR1039512.24138316	sp|P08238|HS90B_HUMAN	100	20	0	0	2	61	594	613	1.41e-09	45.4
SRR1039512.22273083	sp|P08238|HS90B_HUMAN	100	20	0	0	61	2	108	127	2.88e-07	38.9
SRR1039512.27971769	sp|P40763|STAT3_HUMAN	100	20	0	0	2	61	55	74	1.92e-09	45.1
SRR1039512.21062572	tr|A0A670JPT3|A0A670JPT3_PODMU	90.5	21	2	0	1	63	243	263	1.09e-09	45.8
SRR1039512.10948393	sp|B2RWS6|EP300_MOUSE	100	21	0	0	1	63	1338	1358	7.77e-10	46.2
SRR1039512.27288795	sp|P09471|GNAO_HUMAN	82.4	17	3	0	8	58	1	17	1.57e-04	31.2
SRR1039512.9210462	sp|P01116|RASK_HUMAN	85.7	21	3	0	1	63	98	118	1.11e-08	42.7
SRR1039512.13510979	sp|P08238|HS90B_HUMAN	100	20	0	0	2	61	701	720	1.26e-08	42.7
SRR1039512.15245060	sp|P08238|HS90B_HUMAN	100	20	0	0	4	63	48	67	3.39e-08	41.6
SRR1039512.21884855	sp|P08238|HS90B_HUMAN	73.7	19	5	0	2	58	39	57	2.33e-05	33.5
SRR1039512.23797714	tr|W1PJ14|W1PJ14_AMBTC	73.7	19	5	0	5	61	494	512	1.25e-05	34.3
SRR1039512.10316118	sp|Q9NRY4|RHG35_HUMAN	72.2	18	5	0	9	62	539	556	6.56e-06	35.0
SRR1039512.22981718	sp|P08238|HS90B_HUMAN	100	21	0	0	1	63	4	24	7.08e-09	43.5
SRR1039512.5188012	sp|Q92993|KAT5_HUMAN	73.7	19	5	0	3	59	282	300	1.02e-06	37.4
SRR1039512.11643322	sp|P08238|HS90B_HUMAN	100	20	0	0	2	61	203	222	4.02e-10	47.0
SRR1039512.14801763	sp|P40763|STAT3_HUMAN	100	21	0	0	63	1	668	688	9.92e-12	51.6
SRR1039512.7461061	tr|W1PJ14|W1PJ14_AMBTC	71.4	21	6	0	1	63	494	514	1.07e-06	37.4
SRR1039512.13065069	sp|P51531|SMCA2_HUMAN	100	21	0	0	63	1	1486	1506	1.79e-08	42.4
SRR1039512.2315436	sp|P51532|SMCA4_HUMAN	80.0	20	4	0	2	61	167	186	6.56e-06	35.0
SRR1039512.8022918	sp|B2RWS6|EP300_MOUSE	100	20	0	0	61	2	1811	1830	4.30e-05	32.7
SRR1039512.25040489	sp|P08238|HS90B_HUMAN	100	21	0	0	63	1	565	585	8.68e-08	40.4
SRR1039512.16329383	tr|A0AA88PK51|A0AA88PK51_9TELE	85.0	20	3	0	61	2	1008	1027	1.00e-06	37.4
SRR1039512.9387539	sp|P40763|STAT3_HUMAN	61.9	21	8	0	1	63	476	496	9.58e-06	34.7
SRR1039512.22028130	sp|P40763|STAT3_HUMAN	100	20	0	0	2	61	527	546	8.41e-11	48.9
SRR1039512.15860265	sp|P51531|SMCA2_HUMAN	100	20	0	0	62	3	1393	1412	2.59e-09	44.7
SRR1039512.258497	sp|P40763|STAT3_HUMAN	100	20	0	0	2	61	362	381	1.26e-08	42.7
SRR1039512.26539503	sp|P08238|HS90B_HUMAN	95.0	20	1	0	62	3	132	151	1.26e-08	42.7
SRR1039512.16447809	sp|P08238|HS90B_HUMAN	85.0	20	3	0	2	61	575	594	1.89e-06	36.6
SRR1039512.13163266	tr|W1PJ14|W1PJ14_AMBTC	85.0	20	3	0	61	2	538	557	5.42e-07	38.1
SRR1039512.3869765	tr|W1PJ14|W1PJ14_AMBTC	68.4	19	6	0	62	6	467	485	8.22e-05	32.0
SRR1039512.28079510	sp|P11416|RARA_MOUSE	85.0	20	3	0	3	62	330	349	1.75e-08	42.4
SRR1039512.7774095	sp|O43889|CREB3_HUMAN	100	20	0	0	62	3	114	133	1.41e-06	37.0
SRR1039512.24810203	tr|A0A670JPT3|A0A670JPT3_PODMU	81.0	21	4	0	1	63	390	410	2.01e-06	36.6
SRR1039512.25149322	sp|P08238|HS90B_HUMAN	71.4	21	6	0	63	1	389	409	1.62e-04	31.2
SRR1039512.5517694	sp|P08238|HS90B_HUMAN	100	21	0	0	63	1	382	402	2.48e-08	42.0
SRR1039512.5953887	sp|P51532|SMCA4_HUMAN	100	20	0	0	2	61	712	731	1.24e-08	42.7
SRR1039512.5684632	tr|A0A8I3NIH7|A0A8I3NIH7_CANLF	95.0	20	1	0	61	2	299	318	3.97e-07	38.5
SRR1039512.24273150	sp|P08238|HS90B_HUMAN	80.0	20	4	0	63	4	387	406	4.61e-05	32.7
SRR1039512.12578254	sp|P08238|HS90B_HUMAN	100	20	0	0	62	3	385	404	2.88e-07	38.9
SRR1039512.25966571	sp|P51532|SMCA4_HUMAN	76.2	21	5	0	1	63	1165	1185	8.57e-08	40.4
SRR1039512.15982503	sp|Q61026|NCOA2_MOUSE	100	21	0	0	1	63	39	59	1.46e-09	45.4
SRR1039512.3323996	sp|P08238|HS90B_HUMAN	70.0	20	6	0	61	2	369	388	3.95e-07	38.5
SRR1039512.12939410	tr|W1PJ14|W1PJ14_AMBTC	57.1	21	9	0	1	63	501	521	1.80e-05	33.9
SRR1039512.6801354	sp|Q925J9|MED1_MOUSE	95.2	21	1	0	63	1	1029	1049	2.45e-08	42.0
SRR1039512.24960983	sp|P08238|HS90B_HUMAN	100	20	0	0	3	62	101	120	1.13e-07	40.0
SRR1039512.23067343	sp|P08238|HS90B_HUMAN	90.5	21	2	0	63	1	654	674	1.62e-07	39.7
SRR1039512.23160078	sp|P08238|HS90B_HUMAN	95.0	20	1	0	3	62	31	50	4.40e-08	41.2
SRR1039512.18720299	sp|P09471|GNAO_HUMAN	75.0	20	5	0	3	62	210	229	3.63e-06	35.8
SRR1039512.9229246	sp|P09471|GNAO_HUMAN	65.0	20	7	0	62	3	55	74	6.10e-05	32.3
SRR1039512.10360038	sp|P40763|STAT3_HUMAN	100	21	0	0	63	1	218	238	7.07e-09	43.5
SRR1039512.11845294	sp|P08238|HS90B_HUMAN	90.5	21	2	0	63	1	638	658	1.62e-07	39.7
SRR1039512.8273817	sp|P08238|HS90B_HUMAN	100	21	0	0	63	1	50	70	5.18e-09	43.9
SRR1039512.21397871	sp|P40763|STAT3_HUMAN	100	20	0	0	62	3	412	431	7.51e-10	46.2
SRR1039512.27565956	sp|P08238|HS90B_HUMAN	100	20	0	0	61	2	531	550	1.01e-06	37.4
SRR1039512.25176451	sp|O35973|PER1_MOUSE	78.9	19	4	0	63	7	453	471	2.20e-07	39.3
SRR1039512.19696901	sp|P08238|HS90B_HUMAN	100	18	0	0	8	61	9	26	9.09e-06	34.7
SRR1039512.27137059	sp|P08238|HS90B_HUMAN	100	21	0	0	63	1	638	658	4.64e-08	41.2
SRR1039512.6414406	sp|P08238|HS90B_HUMAN	100	21	0	0	63	1	658	678	5.18e-09	43.9
SRR1039512.19289951	sp|P08238|HS90B_HUMAN	100	20	0	0	61	2	94	113	1.26e-08	42.7
SRR1039512.11788944	sp|P08238|HS90B_HUMAN	100	20	0	0	61	2	312	331	1.15e-10	48.5
SRR1039512.25331917	sp|P51532|SMCA4_HUMAN	100	20	0	0	62	3	1080	1099	1.39e-09	45.4
SRR1039512.20098951	sp|P08238|HS90B_HUMAN	70.0	20	6	0	2	61	369	388	3.95e-07	38.5
SRR1039512.8922719	tr|W1PJ14|W1PJ14_AMBTC	90.5	21	2	0	63	1	533	553	8.91e-11	48.9
SRR1039512.8829081	sp|P08238|HS90B_HUMAN	100	20	0	0	62	3	614	633	1.57e-10	48.1
SRR1039512.4908029	sp|P01116|RASK_HUMAN	73.7	19	5	0	63	7	7	25	1.23e-04	31.6
SRR1039512.19349498	sp|P08238|HS90B_HUMAN	81.0	21	4	0	1	63	439	459	8.68e-08	40.4
SRR1039512.20791984	sp|P08238|HS90B_HUMAN	100	21	0	0	63	1	314	334	4.23e-10	47.0
SRR1039512.8934566	sp|P42345|MTOR_HUMAN	100	21	0	0	1	63	2489	2509	3.33e-08	41.6
SRR1039512.23465869	sp|P08238|HS90B_HUMAN	100	12	0	0	26	61	278	289	1.53e-04	31.2
SRR1039512.11927961	sp|P08238|HS90B_HUMAN	73.7	19	5	0	5	61	73	91	1.24e-05	34.3
SRR1039512.4692318	tr|A0A480LKS3|A0A480LKS3_PIG	100	20	0	0	2	61	112	131	3.36e-11	50.1
SRR1039512.1279240	sp|B2RWS6|EP300_MOUSE	100	21	0	0	1	63	2244	2264	4.10e-07	38.5
SRR1039512.25463141	sp|P51531|SMCA2_HUMAN	100	18	0	0	2	55	538	555	1.11e-07	40.0
SRR1039512.26490484	sp|B2RWS6|EP300_MOUSE	90.0	20	2	0	61	2	1608	1627	1.24e-08	42.7
SRR1039512.8887065	sp|O43889|CREB3_HUMAN	100	21	0	0	1	63	153	173	1.21e-04	31.6
SRR1039512.23404683	sp|Q925J9|MED1_MOUSE	100	21	0	0	1	63	412	432	5.71e-10	46.6
SRR1039512.21345652	sp|Q92831|KAT2B_HUMAN	100	21	0	0	1	63	325	345	3.38e-08	41.6
SRR1039512.15928583	sp|P10275|ANDR_HUMAN	66.7	18	6	0	8	61	556	573	4.83e-06	35.4
SRR1039512.8314008	sp|P09471|GNAO_HUMAN	94.7	19	1	0	2	58	211	229	1.29e-08	42.7
SRR1039512.21471899	sp|P08238|HS90B_HUMAN	100	20	0	0	62	3	637	656	1.54e-07	39.7
SRR1039512.20546640	sp|P09471|GNAO_HUMAN	60.0	20	8	0	62	3	48	67	2.14e-04	30.8
SRR1039512.11189201	tr|A0A8I3NIH7|A0A8I3NIH7_CANLF	61.9	21	8	0	1	63	386	406	2.47e-05	33.5
SRR1039512.10215844	sp|P08238|HS90B_HUMAN	90.0	20	2	0	61	2	512	531	1.26e-08	42.7
SRR1039512.12918434	sp|Q9NRY4|RHG35_HUMAN	100	20	0	0	61	2	1205	1224	3.55e-09	44.3
SRR1039512.11735276	sp|P09471|GNAO_HUMAN	85.0	20	3	0	61	2	194	213	3.69e-09	44.3
SRR1039512.15122349	sp|O43889|CREB3_HUMAN	100	21	0	0	1	63	71	91	1.02e-11	51.6
SRR1039512.8990537	sp|P08238|HS90B_HUMAN	95.0	20	1	0	62	3	173	192	2.63e-09	44.7
SRR1039512.11644836	sp|Q61026|NCOA2_MOUSE	100	21	0	0	1	63	237	257	5.71e-10	46.6
SRR1039512.10802321	sp|P08238|HS90B_HUMAN	90.0	20	2	0	2	61	639	658	7.39e-07	37.7
SRR1039512.20108753	sp|P08238|HS90B_HUMAN	100	20	0	0	61	2	279	298	5.50e-10	46.6
SRR1039512.25751672	tr|A0A670JPT3|A0A670JPT3_PODMU	100	20	0	0	2	61	182	201	1.59e-10	48.1
SRR1039512.2687274	sp|P51531|SMCA2_HUMAN	100	20	0	0	62	3	1378	1397	1.90e-09	45.1
SRR1039512.12946526	sp|P08238|HS90B_HUMAN	65.0	20	7	0	60	1	368	387	1.07e-06	37.4
SRR1039512.24776353	sp|P40763|STAT3_HUMAN	95.2	21	1	0	63	1	427	447	3.78e-09	44.3
SRR1039512.7437877	sp|P08238|HS90B_HUMAN	100	21	0	0	63	1	599	619	1.08e-09	45.8
SRR1039512.10706492	sp|P08238|HS90B_HUMAN	90.0	20	2	0	62	3	518	537	1.72e-08	42.4
SRR1039512.3948414	sp|P11473|VDR_HUMAN	100	20	0	0	62	3	138	157	2.46e-11	50.4
SRR1039512.4892212	sp|P10275|ANDR_HUMAN	81.0	21	4	0	1	63	594	614	5.15e-09	43.9
SRR1039512.18497667	tr|W1PJ14|W1PJ14_AMBTC	90.5	21	2	0	63	1	533	553	8.91e-11	48.9
SRR1039512.8521434	sp|P01116|RASK_HUMAN	68.4	19	6	0	60	4	46	64	3.16e-04	30.4
SRR1039512.20753026	sp|P40763|STAT3_HUMAN	81.0	21	4	0	1	63	245	265	2.48e-08	42.0
SRR1039512.26449425	tr|A0A480LKS3|A0A480LKS3_PIG	100	20	0	0	2	61	284	303	2.71e-09	44.7
SRR1039512.10498862	tr|A0A7K6Q9B9|A0A7K6Q9B9_9PASS	68.8	16	5	0	4	51	191	206	5.78e-04	29.6
SRR1039512.615756	sp|P51532|SMCA4_HUMAN	100	20	0	0	61	2	1502	1521	6.63e-09	43.5
SRR1039512.26990446	sp|P40763|STAT3_HUMAN	95.0	20	1	0	61	2	676	695	1.03e-09	45.8
SRR1039512.11183772	tr|W1PJ14|W1PJ14_AMBTC	84.2	19	3	0	59	3	528	546	2.90e-07	38.9
SRR1039512.19412462	tr|A0A480LKS3|A0A480LKS3_PIG	100	20	0	0	62	3	206	225	1.30e-08	42.7
SRR1039512.22871664	sp|Q61026|NCOA2_MOUSE	95.2	21	1	0	63	1	187	207	1.20e-10	48.5
SRR1039512.11955534	sp|Q61026|NCOA2_MOUSE	100	20	0	0	61	2	1230	1249	2.08e-07	39.3
SRR1039512.27943117	tr|W1PJ14|W1PJ14_AMBTC	65.0	20	7	0	2	61	497	516	1.25e-05	34.3
SRR1039512.988212	sp|P08238|HS90B_HUMAN	95.0	20	1	0	2	61	286	305	1.57e-10	48.1
SRR1039512.13141572	tr|W1PJ14|W1PJ14_AMBTC	89.5	19	2	0	59	3	542	560	2.36e-08	42.0
SRR1039512.2698145	sp|B2RWS6|EP300_MOUSE	90.0	20	2	0	2	61	2088	2107	1.69e-08	42.4
SRR1039512.7425598	sp|Q64127|TIF1A_MOUSE	65.0	20	7	0	2	61	121	140	1.69e-05	33.9
SRR1039512.2834414	sp|P08238|HS90B_HUMAN	65.0	20	7	0	61	2	464	483	7.39e-04	29.3
SRR1039512.874089	sp|P08238|HS90B_HUMAN	100	15	0	0	19	63	272	286	1.62e-04	31.2
SRR1039512.11601364	sp|P40763|STAT3_HUMAN	100	20	0	0	2	61	8	27	4.91e-09	43.9
SRR1039512.17958911	sp|P51532|SMCA4_HUMAN	100	21	0	0	1	63	365	385	1.60e-07	39.7
SRR1039512.4617877	tr|W1PJ14|W1PJ14_AMBTC	61.1	18	7	0	6	59	500	517	2.11e-04	30.8
SRR1039512.5838758	sp|P08238|HS90B_HUMAN	95.0	20	1	0	2	61	86	105	1.72e-08	42.4
SRR1039512.25327041	sp|P20815|CP3A5_HUMAN	70.0	20	6	0	60	1	399	418	2.76e-06	36.2
SRR1039512.5411508	sp|P08238|HS90B_HUMAN	100	20	0	0	4	63	272	291	2.77e-09	44.7
SRR1039512.801963	sp|Q61026|NCOA2_MOUSE	95.0	20	1	0	3	62	995	1014	5.95e-08	40.8
SRR1039512.8294111	sp|P08238|HS90B_HUMAN	100	21	0	0	63	1	425	445	2.27e-10	47.8
SRR1039512.10210587	tr|W1PJ14|W1PJ14_AMBTC	85.7	21	3	0	63	1	542	562	3.80e-09	44.3
SRR1039512.16756717	sp|P51532|SMCA4_HUMAN	100	20	0	0	61	2	1177	1196	5.42e-10	46.6
SRR1039512.26322479	sp|P08238|HS90B_HUMAN	100	21	0	0	63	1	360	380	8.86e-11	48.9
SRR1039512.15779962	sp|Q92831|KAT2B_HUMAN	100	20	0	0	62	3	561	580	1.03e-09	45.8
SRR1039512.14280919	sp|P40763|STAT3_HUMAN	75.0	20	5	0	2	61	10	29	1.38e-06	37.0
SRR1039512.25715212	sp|P11473|VDR_HUMAN	100	20	0	0	62	3	346	365	8.38e-08	40.4
SRR1039512.18279096	sp|P09471|GNAO_HUMAN	80.0	20	4	0	62	3	205	224	1.16e-07	40.0
SRR1039512.9083365	sp|P08238|HS90B_HUMAN	76.2	21	5	0	63	1	130	150	2.22e-07	39.3
SRR1039512.5468633	sp|Q92993|KAT5_HUMAN	100	21	0	0	63	1	424	444	5.23e-09	43.9
SRR1039512.21907566	sp|P08238|HS90B_HUMAN	76.2	21	5	0	63	1	124	144	1.62e-07	39.7
SRR1039512.19187319	sp|Q15788|NCOA1_HUMAN	100	20	0	0	3	62	1295	1314	6.64e-09	43.5
SRR1039512.17153330	sp|P40763|STAT3_HUMAN	100	21	0	0	63	1	173	193	5.78e-10	46.6
SRR1039512.7870164	sp|Q92993|KAT5_HUMAN	66.7	21	7	0	1	63	45	65	3.77e-06	35.8
SRR1039512.10125055	tr|W1PJ14|W1PJ14_AMBTC	61.9	21	8	0	1	63	468	488	9.63e-06	34.7
SRR1039512.2571247	sp|O43889|CREB3_HUMAN	100	20	0	0	3	62	105	124	8.43e-08	40.4
SRR1039512.13275603	tr|A0A480LKS3|A0A480LKS3_PIG	100	20	0	0	2	61	137	156	1.06e-09	45.8
SRR1039512.19694319	sp|P08238|HS90B_HUMAN	100	20	0	0	2	61	30	49	2.35e-08	42.0
SRR1039512.1902353	sp|P08238|HS90B_HUMAN	100	18	0	0	63	10	278	295	1.81e-08	42.4
SRR1039512.11014644	sp|P08238|HS90B_HUMAN	100	20	0	0	3	62	414	433	1.72e-08	42.4
SRR1039512.21589297	sp|P08238|HS90B_HUMAN	100	21	0	0	63	1	612	632	8.86e-11	48.9
SRR1039512.8765557	sp|P40763|STAT3_HUMAN	72.2	18	5	0	61	8	669	686	2.33e-05	33.5
SRR1039512.23144679	tr|W1PJ14|W1PJ14_AMBTC	60.0	20	8	0	61	2	468	487	2.11e-04	30.8
SRR1039512.17884570	sp|P08238|HS90B_HUMAN	61.1	18	7	0	54	1	368	385	8.65e-05	32.0
SRR1039512.8628617	tr|A0A480LKS3|A0A480LKS3_PIG	84.2	19	3	0	5	61	8	26	7.56e-04	29.3
SRR1039512.2011474	sp|P08238|HS90B_HUMAN	100	20	0	0	62	3	334	353	1.03e-09	45.8
SRR1039512.6344855	tr|W1PJ14|W1PJ14_AMBTC	88.2	17	2	0	56	6	528	544	1.02e-06	37.4
SRR1039512.15280083	sp|P42345|MTOR_HUMAN	100	21	0	0	1	63	1345	1365	1.30e-08	42.7
SRR1039512.17136816	sp|Q61026|NCOA2_MOUSE	85.7	21	3	0	63	1	1162	1182	9.57e-09	43.1
SRR1039512.5512680	sp|P08238|HS90B_HUMAN	95.2	21	1	0	63	1	284	304	1.21e-10	48.5
SRR1039512.20924928	sp|P08238|HS90B_HUMAN	100	20	0	0	3	62	703	722	2.35e-08	42.0
SRR1039512.20819399	sp|Q15788|NCOA1_HUMAN	100	21	0	0	63	1	1036	1056	7.00e-09	43.5
SRR1039512.27749118	tr|W1PJ14|W1PJ14_AMBTC	70.0	20	6	0	60	1	466	485	9.63e-06	34.7
SRR1039512.17897965	sp|P01116|RASK_HUMAN	100	21	0	0	63	1	44	64	2.16e-10	47.4
SRR1039512.12430241	tr|A0A480LKS3|A0A480LKS3_PIG	100	20	0	0	61	2	178	197	1.77e-08	42.4
SRR1039512.5496811	sp|P01116|RASK_HUMAN	82.4	17	3	0	11	61	3	19	6.17e-05	32.3
SRR1039512.8418507	sp|P08238|HS90B_HUMAN	100	20	0	0	62	3	434	453	4.40e-08	41.2
SRR1039512.24296584	sp|Q64127|TIF1A_MOUSE	70.6	17	5	0	53	3	1026	1042	3.92e-04	30.0
SRR1039512.4468655	sp|P51532|SMCA4_HUMAN	60.0	20	8	0	2	61	806	825	6.56e-06	35.0
SRR1039512.8260765	sp|P08238|HS90B_HUMAN	95.0	20	1	0	2	61	295	314	6.73e-09	43.5
SRR1039512.23284915	sp|Q15788|NCOA1_HUMAN	100	20	0	0	61	2	882	901	5.43e-10	46.6
SRR1039512.17292249	sp|Q61026|NCOA2_MOUSE	95.0	20	1	0	61	2	381	400	1.70e-08	42.4
SRR1039512.12446607	sp|P08238|HS90B_HUMAN	100	20	0	0	3	62	598	617	2.63e-09	44.7
SRR1039512.23457984	sp|P40763|STAT3_HUMAN	100	20	0	0	3	62	749	768	4.91e-09	43.9
SRR1039512.24307953	tr|A0A670JPT3|A0A670JPT3_PODMU	84.2	19	3	0	2	58	284	302	7.46e-07	37.7
SRR1039512.23885767	sp|P08238|HS90B_HUMAN	100	20	0	0	62	3	278	297	5.50e-10	46.6
SRR1039512.8360801	tr|W1PJ14|W1PJ14_AMBTC	66.7	21	7	0	63	1	464	484	3.38e-05	33.1
SRR1039512.17561236	sp|O43889|CREB3_HUMAN	100	20	0	0	3	62	37	56	1.61e-10	48.1
SRR1039512.22217428	tr|W1PJ14|W1PJ14_AMBTC	66.7	21	7	0	1	63	496	516	3.76e-06	35.8
SRR1039512.18128754	sp|P40763|STAT3_HUMAN	95.0	20	1	0	61	2	706	725	6.72e-09	43.5
SRR1039512.16391048	sp|P08238|HS90B_HUMAN	100	21	0	0	1	63	310	330	2.54e-11	50.4
SRR1039512.24666460	sp|P08238|HS90B_HUMAN	90.0	20	2	0	61	2	360	379	2.63e-09	44.7
SRR1039512.6380614	sp|B2RWS6|EP300_MOUSE	90.5	21	2	0	1	63	1725	1745	1.78e-08	42.4
SRR1039512.8361811	sp|P08238|HS90B_HUMAN	85.0	20	3	0	3	62	641	660	1.38e-06	37.0
SRR1039512.9188560	sp|P51532|SMCA4_HUMAN	100	21	0	0	1	63	504	524	1.60e-07	39.7
SRR1039512.1710261	sp|P09471|GNAO_HUMAN	63.2	19	7	0	59	3	166	184	2.93e-04	30.4
SRR1039512.21312835	sp|P08238|HS90B_HUMAN	95.2	21	1	0	1	63	284	304	1.21e-10	48.5
SRR1039512.25765648	sp|P08238|HS90B_HUMAN	100	20	0	0	62	3	100	119	1.26e-08	42.7
SRR1039512.4958069	sp|P09471|GNAO_HUMAN	68.4	19	6	0	2	58	194	212	3.63e-06	35.8
SRR1039512.11079418	sp|P40763|STAT3_HUMAN	100	21	0	0	1	63	38	58	1.65e-10	48.1
SRR1039512.16034496	sp|P08238|HS90B_HUMAN	95.2	21	1	0	63	1	35	55	1.81e-08	42.4
SRR1039512.13267539	sp|P08238|HS90B_HUMAN	100	20	0	0	2	61	373	392	3.60e-09	44.3
SRR1039512.24401325	sp|Q92993|KAT5_HUMAN	100	19	0	0	3	59	200	218	2.91e-07	38.9
SRR1039512.24912830	sp|Q9NRY4|RHG35_HUMAN	100	20	0	0	61	2	883	902	2.32e-08	42.0
SRR1039512.3288684	tr|A0A8C9A8R5|A0A8C9A8R5_PROSS	65.0	20	7	0	3	62	3	22	1.94e-06	36.6
SRR1039512.19599967	sp|P08238|HS90B_HUMAN	100	20	0	0	2	61	345	364	4.40e-08	41.2
SRR1039512.5297489	sp|P42345|MTOR_HUMAN	100	20	0	0	62	3	2173	2192	3.95e-10	47.0
SRR1039512.7013223	sp|Q15788|NCOA1_HUMAN	100	20	0	0	2	61	1023	1042	1.01e-09	45.8
SRR1039512.11551630	sp|P08238|HS90B_HUMAN	100	21	0	0	1	63	283	303	4.74e-11	49.7
SRR1039512.22159829	sp|P09471|GNAO_HUMAN	80.0	20	4	0	62	3	204	223	1.77e-08	42.4
SRR1039512.322633	sp|P09471|GNAO_HUMAN	70.0	20	6	0	3	62	67	86	2.93e-04	30.4
SRR1039512.11220408	sp|Q9NRY4|RHG35_HUMAN	100	21	0	0	1	63	737	757	1.07e-09	45.8
SRR1039512.22432523	tr|A2BGS7|A2BGS7_DANRE	80.0	20	3	1	7	63	92	111	1.08e-06	37.4
SRR1039512.25826904	sp|P08238|HS90B_HUMAN	95.0	20	1	0	3	62	585	604	1.03e-09	45.8
SRR1039512.24978770	sp|P08238|HS90B_HUMAN	90.0	20	2	0	61	2	524	543	3.95e-07	38.5
SRR1039512.12442321	sp|P08238|HS90B_HUMAN	76.2	21	5	0	1	63	382	402	5.12e-06	35.4
SRR1039512.3686883	sp|P16220|CREB1_HUMAN	70.0	20	6	0	63	4	231	250	1.66e-04	31.2
SRR1039512.14775125	sp|P40763|STAT3_HUMAN	100	20	0	0	3	62	139	158	7.38e-07	37.7
SRR1039512.21551519	sp|P08238|HS90B_HUMAN	65.0	20	7	0	3	62	499	518	1.38e-06	37.0
SRR1039512.21664965	sp|P08238|HS90B_HUMAN	100	19	0	0	2	58	110	128	5.40e-07	38.1
SRR1039512.13502843	sp|Q61026|NCOA2_MOUSE	90.5	21	2	0	63	1	212	232	5.11e-09	43.9
SRR1039512.16469480	sp|P08238|HS90B_HUMAN	78.9	19	4	0	7	63	557	575	7.01e-06	35.0
SRR1039512.27459819	sp|Q9NRY4|RHG35_HUMAN	100	20	0	0	62	3	400	419	1.39e-09	45.4
SRR1039512.27783237	sp|P08238|HS90B_HUMAN	90.5	21	2	0	1	63	407	427	2.48e-08	42.0
SRR1039512.23045531	sp|P01116|RASK_HUMAN	55.0	20	9	0	61	2	62	81	5.63e-04	29.6
SRR1039512.12748725	tr|A0AA88PK51|A0AA88PK51_9TELE	100	21	0	0	1	63	31	51	7.19e-12	52.0
SRR1039512.27631052	sp|P08238|HS90B_HUMAN	95.2	21	1	0	1	63	81	101	2.48e-08	42.0
SRR1039512.22110222	sp|P08238|HS90B_HUMAN	100	21	0	0	1	63	176	196	7.92e-10	46.2
SRR1039512.25886714	sp|P51532|SMCA4_HUMAN	100	20	0	0	3	62	974	993	2.08e-07	39.3
SRR1039512.14652263	sp|Q15788|NCOA1_HUMAN	100	20	0	0	2	61	56	75	8.14e-08	40.4
SRR1039512.23190116	tr|A0A670JPT3|A0A670JPT3_PODMU	100	21	0	0	1	63	184	204	1.00e-11	51.6
SRR1039512.25186516	sp|P08238|HS90B_HUMAN	100	21	0	0	63	1	527	547	2.77e-09	44.7
SRR1039512.25987985	sp|Q925J9|MED1_MOUSE	90.0	20	2	0	3	62	806	825	7.30e-07	37.7
SRR1039512.9640191	tr|W1PJ14|W1PJ14_AMBTC	85.0	20	3	0	61	2	538	557	5.42e-07	38.1
SRR1039512.10638781	sp|P08238|HS90B_HUMAN	100	20	0	0	61	2	465	484	1.54e-07	39.7
SRR1039512.4115511	sp|P09471|GNAO_HUMAN	60.0	20	8	0	63	4	48	67	2.26e-04	30.8
SRR1039512.25704681	tr|A0A8I3NIH7|A0A8I3NIH7_CANLF	100	21	0	0	63	1	429	449	2.79e-09	44.7
SRR1039512.24230038	sp|O43889|CREB3_HUMAN	100	21	0	0	1	63	122	142	1.36e-08	42.7
SRR1039512.10773655	sp|P08238|HS90B_HUMAN	95.0	20	1	0	63	4	151	170	1.81e-08	42.4
SRR1039512.16971329	sp|P08238|HS90B_HUMAN	100	20	0	0	2	61	47	66	9.20e-09	43.1
SRR1039512.25499013	sp|P08238|HS90B_HUMAN	70.0	20	6	0	62	3	369	388	3.95e-07	38.5
SRR1039512.4610449	sp|P08238|HS90B_HUMAN	100	20	0	0	61	2	147	166	3.60e-09	44.3
SRR1039512.13047062	sp|P08238|HS90B_HUMAN	90.0	20	2	0	60	1	170	189	9.69e-09	43.1
SRR1039512.25660211	sp|B2RWS6|EP300_MOUSE	85.0	20	3	0	2	61	974	993	6.54e-06	35.0
SRR1039512.1868561	tr|A0A480LKS3|A0A480LKS3_PIG	100	20	0	0	61	2	67	86	2.42e-08	42.0
SRR1039512.9959351	sp|P40763|STAT3_HUMAN	58.8	17	7	0	10	60	27	43	1.18e-04	31.6
SRR1039512.22976339	sp|P09471|GNAO_HUMAN	88.9	18	2	0	5	58	262	279	1.74e-05	33.9
SRR1039512.16394130	sp|P08238|HS90B_HUMAN	100	20	0	0	2	61	632	651	1.72e-08	42.4
SRR1039512.6352070	sp|P08238|HS90B_HUMAN	95.0	20	1	0	2	61	611	630	4.92e-09	43.9
SRR1039512.10980652	sp|P08238|HS90B_HUMAN	100	20	0	0	61	2	290	309	1.03e-09	45.8
SRR1039512.12610871	sp|P08238|HS90B_HUMAN	100	20	0	0	2	61	495	514	1.26e-08	42.7
SRR1039512.2312361	sp|P08238|HS90B_HUMAN	100	21	0	0	1	63	554	574	1.32e-08	42.7
SRR1039512.17073182	tr|W1PJ14|W1PJ14_AMBTC	70.0	20	6	0	62	3	466	485	6.67e-06	35.0
SRR1039512.21555268	sp|P08238|HS90B_HUMAN	95.0	20	1	0	61	2	530	549	1.54e-07	39.7
SRR1039512.6862756	sp|P42345|MTOR_HUMAN	100	13	0	0	41	3	833	845	2.84e-04	30.4
SRR1039512.25426602	sp|P08238|HS90B_HUMAN	73.7	19	5	0	59	3	591	609	6.64e-06	35.0
SRR1039512.5937353	sp|P09471|GNAO_HUMAN	75.0	20	5	0	2	61	43	62	3.63e-06	35.8
SRR1039512.882931	sp|Q92831|KAT2B_HUMAN	100	21	0	0	63	1	767	787	7.06e-09	43.5
SRR1039512.17700454	sp|P08238|HS90B_HUMAN	100	20	0	0	3	62	405	424	6.02e-08	40.8
SRR1039512.24266435	tr|W1PJ14|W1PJ14_AMBTC	73.7	19	5	0	6	62	492	510	1.25e-05	34.3
SRR1039512.2465889	tr|A0A670JPT3|A0A670JPT3_PODMU	85.0	20	3	0	3	62	295	314	1.91e-06	36.6
SRR1039512.7292217	tr|W1PJ14|W1PJ14_AMBTC	73.7	19	5	0	5	61	492	510	1.25e-05	34.3
SRR1039512.23448074	sp|P08238|HS90B_HUMAN	85.0	20	3	0	61	2	429	448	2.11e-07	39.3
SRR1039512.4227624	sp|Q92993|KAT5_HUMAN	100	21	0	0	63	1	414	434	8.00e-10	46.2
SRR1039512.14977857	sp|Q60641|NR1H4_MOUSE	85.0	20	3	0	62	3	146	165	7.62e-10	46.2
SRR1039512.11136345	sp|Q64127|TIF1A_MOUSE	100	21	0	0	1	63	184	204	1.64e-10	48.1
SRR1039512.23650107	sp|P08238|HS90B_HUMAN	100	20	0	0	61	2	527	546	9.20e-09	43.1
SRR1039512.5813960	tr|A0A8I3NIH7|A0A8I3NIH7_CANLF	100	21	0	0	63	1	538	558	1.22e-10	48.5
SRR1039512.7822648	sp|P08238|HS90B_HUMAN	100	20	0	0	61	2	588	607	2.41e-11	50.4
SRR1039512.7828439	tr|A0A480LKS3|A0A480LKS3_PIG	100	20	0	0	62	3	177	196	2.42e-08	42.0
SRR1039512.7843927	sp|P08238|HS90B_HUMAN	100	20	0	0	62	3	363	382	4.02e-10	47.0
SRR1039512.18229689	sp|P08238|HS90B_HUMAN	95.2	21	1	0	63	1	605	625	1.32e-08	42.7
SRR1039512.18984717	sp|P51532|SMCA4_HUMAN	100	20	0	0	3	62	876	895	3.25e-11	50.1
SRR1039512.19817605	sp|O43889|CREB3_HUMAN	100	20	0	0	62	3	80	99	6.89e-09	43.5
SRR1039512.18758433	sp|P10275|ANDR_HUMAN	90.0	20	2	0	2	61	570	589	1.40e-09	45.4
SRR1039512.14957095	sp|P09471|GNAO_HUMAN	85.7	21	3	0	63	1	184	204	3.88e-09	44.3
SRR1039512.10952514	sp|P08238|HS90B_HUMAN	76.2	21	5	0	63	1	64	84	1.07e-06	37.4
SRR1039512.24344546	sp|P08238|HS90B_HUMAN	90.0	20	2	0	62	3	638	657	7.39e-07	37.7
SRR1039512.19057072	sp|P08238|HS90B_HUMAN	100	21	0	0	63	1	183	203	6.35e-08	40.8
SRR1039512.9124230	sp|P08238|HS90B_HUMAN	100	21	0	0	63	1	381	401	9.69e-09	43.1
SRR1039512.3489281	sp|P08238|HS90B_HUMAN	95.2	21	1	0	63	1	136	156	5.18e-09	43.9
SRR1039512.14930941	tr|W1PJ14|W1PJ14_AMBTC	57.1	21	9	0	1	63	501	521	1.80e-05	33.9
SRR1039512.11679004	sp|P08238|HS90B_HUMAN	73.7	19	5	0	62	6	513	531	4.40e-08	41.2
SRR1039512.15325030	sp|P08238|HS90B_HUMAN	95.0	20	1	0	62	3	131	150	8.24e-08	40.4
SRR1039512.18009824	sp|P09471|GNAO_HUMAN	85.7	21	3	0	63	1	215	235	2.79e-06	36.2
SRR1039512.21613704	sp|O35973|PER1_MOUSE	75.0	20	5	0	63	4	164	183	4.57e-05	32.7
SRR1039512.16035184	sp|P08238|HS90B_HUMAN	100	19	0	0	57	1	272	290	9.69e-09	43.1
SRR1039512.5908140	sp|P08238|HS90B_HUMAN	100	20	0	0	3	62	556	575	4.40e-08	41.2
SRR1039512.23600391	sp|P08238|HS90B_HUMAN	100	20	0	0	62	3	334	353	1.03e-09	45.8
SRR1039512.14776715	tr|A0AA88PK51|A0AA88PK51_9TELE	68.4	19	6	0	7	63	1032	1050	3.34e-05	33.1
SRR1039512.24699129	tr|W1PJ14|W1PJ14_AMBTC	85.0	20	3	0	62	3	540	559	3.23e-08	41.6
SRR1039512.16000674	sp|Q64127|TIF1A_MOUSE	100	21	0	0	63	1	922	942	4.20e-10	47.0
SRR1039512.17355718	sp|P08238|HS90B_HUMAN	95.0	20	1	0	2	61	33	52	6.02e-08	40.8
SRR1039512.19458286	sp|P08238|HS90B_HUMAN	100	20	0	0	61	2	53	72	9.20e-09	43.1
SRR1039512.14532827	sp|P08238|HS90B_HUMAN	100	21	0	0	1	63	117	137	2.77e-09	44.7
SRR1039512.15162802	sp|P08238|HS90B_HUMAN	100	20	0	0	2	61	338	357	3.60e-09	44.3
SRR1039512.19462100	tr|W1PJ14|W1PJ14_AMBTC	84.2	19	3	0	58	2	528	546	2.90e-07	38.9
SRR1039512.21800339	sp|P51531|SMCA2_HUMAN	100	21	0	0	63	1	384	404	9.56e-09	43.1
SRR1039512.14526375	tr|W1PJ14|W1PJ14_AMBTC	85.0	20	3	0	61	2	538	557	5.42e-07	38.1
SRR1039512.17966379	sp|P08238|HS90B_HUMAN	100	20	0	0	2	61	203	222	4.02e-10	47.0
SRR1039512.14128109	sp|Q9UGP4|LIMD1_HUMAN	100	12	0	0	37	2	1	12	3.95e-04	30.0
SRR1039512.2469016	sp|P40763|STAT3_HUMAN	100	16	0	0	3	50	755	770	1.38e-06	37.0
SRR1039512.24082605	sp|P08238|HS90B_HUMAN	100	21	0	0	1	63	699	719	3.79e-09	44.3
SRR1039512.23975952	tr|A0A670JPT3|A0A670JPT3_PODMU	100	21	0	0	63	1	167	187	6.55e-11	49.3
SRR1039512.25740228	sp|P08238|HS90B_HUMAN	100	20	0	0	3	62	591	610	3.60e-09	44.3
SRR1039512.15777673	sp|P01116|RASK_HUMAN	77.8	18	4	0	54	1	52	69	9.66e-06	34.7
SRR1039512.13730590	sp|P51532|SMCA4_HUMAN	100	20	0	0	61	2	532	551	1.11e-07	40.0
SRR1039512.13864471	sp|P09471|GNAO_HUMAN	93.3	15	1	0	46	2	40	54	2.14e-04	30.8
SRR1039512.16309412	sp|P08238|HS90B_HUMAN	90.0	20	2	0	3	62	193	212	9.20e-09	43.1
SRR1039512.9956698	sp|P08238|HS90B_HUMAN	81.0	21	4	0	63	1	505	525	2.48e-08	42.0
SRR1039512.22846263	sp|P08238|HS90B_HUMAN	100	20	0	0	3	62	388	407	3.95e-07	38.5
SRR1039512.23347612	sp|P08238|HS90B_HUMAN	90.5	21	2	0	63	1	194	214	2.77e-09	44.7
SRR1039512.11340929	tr|A0AA88PK51|A0AA88PK51_9TELE	75.0	20	5	0	2	61	985	1004	2.86e-07	38.9
SRR1039512.4681224	sp|P08238|HS90B_HUMAN	100	21	0	0	63	1	318	338	5.79e-10	46.6
SRR1039512.13530948	sp|P09471|GNAO_HUMAN	81.0	21	4	0	63	1	288	308	8.89e-08	40.4
SRR1039512.17960519	sp|P08238|HS90B_HUMAN	100	20	0	0	62	3	122	141	4.92e-09	43.9
SRR1039512.23498001	sp|Q64127|TIF1A_MOUSE	65.0	20	7	0	3	62	900	919	4.82e-06	35.4
SRR1039512.11938962	sp|Q61026|NCOA2_MOUSE	95.0	20	1	0	61	2	659	678	4.32e-05	32.7
SRR1039512.139061	sp|P01116|RASK_HUMAN	100	21	0	0	1	63	56	76	1.56e-09	45.1
SRR1039512.24740156	sp|P09471|GNAO_HUMAN	89.5	19	2	0	2	58	39	57	2.96e-07	38.9
SRR1039512.1457639	sp|P08238|HS90B_HUMAN	100	20	0	0	3	62	503	522	4.02e-10	47.0
SRR1039512.18377968	sp|P08238|HS90B_HUMAN	95.2	21	1	0	63	1	175	195	3.79e-09	44.3
SRR1039512.25489425	sp|P08238|HS90B_HUMAN	95.0	20	1	0	62	3	133	152	1.72e-08	42.4
SRR1039512.12875981	sp|P08238|HS90B_HUMAN	95.0	20	1	0	61	2	612	631	3.60e-09	44.3
SRR1039512.6713048	sp|P08238|HS90B_HUMAN	75.0	20	5	0	3	62	489	508	2.59e-06	36.2
SRR1039512.15753572	sp|P09471|GNAO_HUMAN	70.0	20	6	0	62	3	196	215	1.16e-07	40.0
SRR1039512.12507149	sp|P08238|HS90B_HUMAN	100	21	0	0	63	1	630	650	3.79e-09	44.3
SRR1039512.11240286	tr|A0A480LKS3|A0A480LKS3_PIG	100	21	0	0	63	1	168	188	2.55e-08	42.0
SRR1039512.22385641	sp|Q925J9|MED1_MOUSE	88.9	18	2	0	6	59	1330	1347	1.23e-05	34.3
SRR1039512.19011707	sp|P08238|HS90B_HUMAN	85.0	20	3	0	63	4	126	145	7.79e-07	37.7
SRR1039512.24451037	sp|P08238|HS90B_HUMAN	100	20	0	0	61	2	16	35	3.22e-08	41.6
SRR1039512.8238621	sp|Q61026|NCOA2_MOUSE	100	19	0	0	2	58	812	830	3.55e-09	44.3
SRR1039512.22049777	sp|O43889|CREB3_HUMAN	100	21	0	0	63	1	165	185	2.54e-08	42.0
SRR1039512.17485437	sp|P09471|GNAO_HUMAN	90.0	20	2	0	3	62	260	279	7.57e-07	37.7
SRR1039512.10948769	tr|A0A670JPT3|A0A670JPT3_PODMU	100	20	0	0	61	2	318	337	1.94e-09	45.1
SRR1039512.23419069	sp|P08238|HS90B_HUMAN	100	21	0	0	63	1	650	670	2.22e-07	39.3
SRR1039512.1807031	sp|P08238|HS90B_HUMAN	100	12	0	0	63	28	678	689	4.17e-04	30.0
SRR1039512.11970597	sp|O35973|PER1_MOUSE	100	20	0	0	3	62	119	138	7.31e-07	37.7
SRR1039512.27826681	sp|P28704|RXRB_MOUSE	100	20	0	0	62	3	203	222	1.31e-11	51.2
SRR1039512.26702107	sp|P08238|HS90B_HUMAN	100	21	0	0	1	63	106	126	6.35e-08	40.8
SRR1039512.15553209	sp|P08238|HS90B_HUMAN	95.2	21	1	0	63	1	141	161	3.79e-09	44.3
SRR1039512.5821249	sp|P51532|SMCA4_HUMAN	84.2	19	3	0	7	63	905	923	9.48e-06	34.7
SRR1039512.17787472	sp|P42345|MTOR_HUMAN	100	21	0	0	1	63	922	942	1.30e-08	42.7
SRR1039512.13698209	sp|Q92831|KAT2B_HUMAN	100	20	0	0	2	61	722	741	9.17e-09	43.1
SRR1039512.15281122	tr|A0A670JPT3|A0A670JPT3_PODMU	80.0	20	4	0	3	62	123	142	1.72e-05	33.9
SRR1039512.19646227	sp|Q92993|KAT5_HUMAN	100	20	0	0	61	2	55	74	5.56e-10	46.6
SRR1039512.24975486	tr|W1PJ14|W1PJ14_AMBTC	60.0	20	8	0	61	2	468	487	2.11e-04	30.8
SRR1039512.25703818	sp|P08238|HS90B_HUMAN	100	20	0	0	62	3	312	331	1.15e-10	48.5
SRR1039512.17777514	sp|Q15788|NCOA1_HUMAN	100	20	0	0	2	61	1159	1178	2.12e-10	47.8
SRR1039512.15974495	sp|P40763|STAT3_HUMAN	100	20	0	0	61	2	80	99	2.35e-08	42.0
SRR1039512.1418133	sp|P40763|STAT3_HUMAN	100	21	0	0	1	63	368	388	4.23e-10	47.0
SRR1039512.1170244	sp|P08238|HS90B_HUMAN	100	20	0	0	61	2	37	56	3.22e-08	41.6
SRR1039512.7169167	sp|P08238|HS90B_HUMAN	85.7	21	3	0	1	63	617	637	7.08e-09	43.5
SRR1039512.6202549	sp|P51532|SMCA4_HUMAN	90.0	20	2	0	62	3	909	928	2.85e-07	38.9
SRR1039512.20629438	sp|P08238|HS90B_HUMAN	100	21	0	0	1	63	145	165	8.86e-11	48.9
SRR1039512.7250327	sp|P08238|HS90B_HUMAN	100	21	0	0	63	1	588	608	1.86e-11	50.8
SRR1039512.14001741	sp|P08238|HS90B_HUMAN	100	20	0	0	3	62	101	120	1.13e-07	40.0
SRR1039512.19048467	tr|W1PJ14|W1PJ14_AMBTC	61.1	18	7	0	3	56	472	489	8.22e-05	32.0
SRR1039512.4229174	sp|P08238|HS90B_HUMAN	95.0	20	1	0	2	61	611	630	4.92e-09	43.9
SRR1039512.309438	sp|P08238|HS90B_HUMAN	100	20	0	0	2	61	324	343	2.63e-09	44.7
SRR1039512.9337460	tr|W1PJ14|W1PJ14_AMBTC	68.4	19	6	0	62	6	467	485	8.22e-05	32.0
SRR1039512.17286229	sp|B2RWS6|EP300_MOUSE	95.0	20	1	0	1	60	2378	2397	2.44e-08	42.0
SRR1039512.4735381	sp|P08238|HS90B_HUMAN	80.0	20	4	0	61	2	198	217	4.40e-08	41.2
SRR1039512.13020981	sp|P08238|HS90B_HUMAN	100	20	0	0	62	3	306	325	1.15e-10	48.5
SRR1039512.17478050	sp|P08238|HS90B_HUMAN	100	21	0	0	63	1	276	296	2.54e-11	50.4
SRR1039512.22245840	sp|P08238|HS90B_HUMAN	89.5	19	2	0	2	58	117	135	1.70e-05	33.9
SRR1039512.6077352	tr|A0A670JPT3|A0A670JPT3_PODMU	100	20	0	0	62	3	155	174	2.18e-10	47.8
SRR1039512.8062513	sp|Q92831|KAT2B_HUMAN	100	20	0	0	2	61	630	649	1.57e-10	48.1
SRR1039512.27504523	sp|P01116|RASK_HUMAN	73.7	19	5	0	3	59	29	47	1.26e-05	34.3
SRR1039512.8236259	sp|P08238|HS90B_HUMAN	100	20	0	0	2	61	64	83	3.60e-09	44.3
SRR1039512.25575963	sp|P08238|HS90B_HUMAN	68.4	19	6	0	3	59	460	478	1.53e-04	31.2
SRR1039512.19241917	sp|P42345|MTOR_HUMAN	100	20	0	0	3	62	485	504	4.83e-09	43.9
SRR1039512.17146960	sp|P51531|SMCA2_HUMAN	100	21	0	0	63	1	592	612	1.63e-10	48.1
SRR1039512.22365497	tr|A0AA88PK51|A0AA88PK51_9TELE	81.0	21	4	0	1	63	979	999	8.60e-08	40.4
SRR1039512.23171018	sp|P08238|HS90B_HUMAN	95.0	20	1	0	61	2	606	625	8.24e-08	40.4
SRR1039512.7989651	sp|P09471|GNAO_HUMAN	90.5	21	2	0	1	63	37	57	2.54e-08	42.0
SRR1039512.8615290	sp|P08238|HS90B_HUMAN	80.0	20	4	0	61	2	211	230	3.95e-07	38.5
SRR1039512.8361897	sp|Q64127|TIF1A_MOUSE	68.4	19	6	0	59	3	929	947	3.17e-05	33.1
SRR1039512.11770594	tr|W1PJ14|W1PJ14_AMBTC	55.0	20	9	0	3	62	500	519	6.00e-05	32.3
SRR1039512.14341065	sp|P51532|SMCA4_HUMAN	100	20	0	0	3	62	1328	1347	3.54e-09	44.3
SRR1039512.10898897	sp|P10275|ANDR_HUMAN	100	20	0	0	2	61	537	556	2.93e-10	47.4
SRR1039512.167515	sp|Q925J9|MED1_MOUSE	81.0	21	4	0	1	63	1321	1341	2.20e-07	39.3
SRR1039512.19760770	sp|P42345|MTOR_HUMAN	100	20	0	0	3	62	2253	2272	2.84e-07	38.9
SRR1039512.1899238	sp|P16220|CREB1_HUMAN	100	20	0	0	2	61	222	241	4.53e-08	41.2
SRR1039512.7108213	sp|P51532|SMCA4_HUMAN	100	21	0	0	63	1	523	543	6.98e-09	43.5
SRR1039512.15205210	tr|A0AA88PK51|A0AA88PK51_9TELE	73.7	19	5	0	59	3	922	940	2.57e-06	36.2
SRR1039512.14566836	sp|P08238|HS90B_HUMAN	71.4	21	6	0	63	1	389	409	1.62e-04	31.2
SRR1039512.19421507	sp|P08238|HS90B_HUMAN	100	21	0	0	1	63	596	616	2.27e-10	47.8
SRR1039512.168782	sp|Q9NRY4|RHG35_HUMAN	100	21	0	0	63	1	837	857	2.73e-09	44.7
SRR1039512.18147328	tr|A0A480LKS3|A0A480LKS3_PIG	100	20	0	0	3	62	135	154	1.06e-09	45.8
SRR1039512.15220669	sp|P08238|HS90B_HUMAN	100	20	0	0	62	3	123	142	6.73e-09	43.5
SRR1039512.16724274	sp|P08238|HS90B_HUMAN	95.0	20	1	0	3	62	129	148	8.24e-08	40.4
SRR1039512.539280	sp|P08238|HS90B_HUMAN	63.2	19	7	0	59	3	368	386	9.09e-06	34.7
SRR1039512.23659959	tr|W1PJ14|W1PJ14_AMBTC	90.0	20	2	0	61	2	532	551	1.93e-09	45.1
SRR1039512.4696032	sp|P08238|HS90B_HUMAN	100	20	0	0	3	62	376	395	1.26e-08	42.7
SRR1039512.13714785	sp|Q15788|NCOA1_HUMAN	100	20	0	0	62	3	39	58	1.52e-07	39.7
SRR1039512.13814115	sp|P08238|HS90B_HUMAN	90.0	20	2	0	2	61	183	202	3.95e-07	38.5
SRR1039512.1892686	sp|P08238|HS90B_HUMAN	95.0	20	1	0	3	62	412	431	4.92e-09	43.9
SRR1039512.20170232	sp|P08238|HS90B_HUMAN	100	21	0	0	63	1	491	511	4.64e-08	41.2
SRR1039512.18238064	tr|W1PJ14|W1PJ14_AMBTC	68.4	19	6	0	62	6	467	485	8.22e-05	32.0
SRR1039512.9316061	sp|P08238|HS90B_HUMAN	68.4	19	6	0	4	60	505	523	8.68e-08	40.4
SRR1039512.2782653	sp|Q925J9|MED1_MOUSE	100	20	0	0	62	3	639	658	1.01e-09	45.8
SRR1039512.2720358	sp|Q61026|NCOA2_MOUSE	100	21	0	0	1	63	893	913	5.71e-10	46.6
SRR1039512.15295460	sp|P08238|HS90B_HUMAN	95.2	21	1	0	1	63	284	304	1.21e-10	48.5
SRR1039512.17460953	sp|P42345|MTOR_HUMAN	100	20	0	0	2	61	1723	1742	1.36e-06	37.0
SRR1039512.8949907	sp|P20815|CP3A5_HUMAN	95.0	20	1	0	61	2	151	170	1.27e-08	42.7
SRR1039512.26850866	sp|P40763|STAT3_HUMAN	75.0	20	5	0	62	3	18	37	1.13e-07	40.0
SRR1039512.19482509	tr|A0A670JPT3|A0A670JPT3_PODMU	81.0	21	4	0	1	63	287	307	4.20e-07	38.5
SRR1039512.16018711	sp|P08238|HS90B_HUMAN	100	20	0	0	61	2	524	543	2.35e-08	42.0
SRR1039512.26671393	sp|P08238|HS90B_HUMAN	95.0	20	1	0	3	62	666	685	1.92e-09	45.1
SRR1039512.9072176	sp|P40763|STAT3_HUMAN	100	20	0	0	3	62	738	757	3.21e-08	41.6
SRR1039512.13631263	sp|P08238|HS90B_HUMAN	100	21	0	0	63	1	453	473	7.92e-10	46.2
SRR1039512.18605517	sp|P08238|HS90B_HUMAN	100	21	0	0	63	1	658	678	5.18e-09	43.9
SRR1039512.176440	sp|P08238|HS90B_HUMAN	100	20	0	0	2	61	279	298	5.50e-10	46.6
SRR1039512.2384144	sp|P08238|HS90B_HUMAN	100	19	0	0	59	3	145	163	3.60e-09	44.3
SRR1039512.22505841	sp|Q9NRY4|RHG35_HUMAN	100	20	0	0	2	61	1367	1386	3.55e-09	44.3
SRR1039512.6495564	sp|P08238|HS90B_HUMAN	85.7	21	3	0	63	1	650	670	1.07e-06	37.4
SRR1039512.16312316	sp|O43889|CREB3_HUMAN	100	21	0	0	63	1	224	244	2.27e-07	39.3
SRR1039512.15472498	sp|P09471|GNAO_HUMAN	80.0	20	4	0	4	63	143	162	1.49e-06	37.0
SRR1039512.18201291	sp|P08238|HS90B_HUMAN	90.0	20	2	0	3	62	195	214	4.92e-09	43.9
SRR1039512.11948089	sp|P08238|HS90B_HUMAN	95.0	20	1	0	2	61	174	193	3.60e-09	44.3
SRR1039512.16069500	sp|P09471|GNAO_HUMAN	76.2	21	5	0	63	1	285	305	3.47e-08	41.6
SRR1039512.25247508	sp|P08238|HS90B_HUMAN	100	21	0	0	63	1	314	334	4.23e-10	47.0
SRR1039512.11810535	sp|P08238|HS90B_HUMAN	83.3	18	3	0	61	8	128	145	3.54e-06	35.8
SRR1039512.6343141	sp|O43889|CREB3_HUMAN	100	21	0	0	63	1	214	234	1.09e-06	37.4
SRR1039512.4310396	sp|P01116|RASK_HUMAN	60.0	20	8	0	61	2	53	72	1.59e-04	31.2
SRR1039512.2113889	sp|P08238|HS90B_HUMAN	100	20	0	0	62	3	66	85	7.52e-10	46.2
SRR1039512.12587865	sp|P51532|SMCA4_HUMAN	100	21	0	0	1	63	1500	1520	3.73e-09	44.3
SRR1039512.1013666	sp|P08238|HS90B_HUMAN	95.2	21	1	0	63	1	670	690	3.10e-10	47.4
SRR1039512.26714412	tr|A0AA88PK51|A0AA88PK51_9TELE	66.7	21	7	0	1	63	1037	1057	6.27e-05	32.3
SRR1039512.3651206	sp|P08238|HS90B_HUMAN	100	18	0	0	54	1	9	26	9.59e-06	34.7
SRR1039512.27324262	sp|P09471|GNAO_HUMAN	76.2	21	5	0	1	63	49	69	2.79e-06	36.2
SRR1039512.4104626	sp|P40763|STAT3_HUMAN	100	20	0	0	62	3	243	262	6.90e-12	52.0
SRR1039512.1914057	sp|P08238|HS90B_HUMAN	68.4	19	6	0	58	2	701	719	5.40e-04	29.6
SRR1039512.7510450	sp|P08238|HS90B_HUMAN	100	21	0	0	63	1	176	196	7.92e-10	46.2
SRR1039512.11292426	sp|P08238|HS90B_HUMAN	90.0	20	2	0	61	2	521	540	3.22e-08	41.6
SRR1039512.26552443	sp|Q60641|NR1H4_MOUSE	84.2	19	3	0	60	4	182	200	4.21e-07	38.5
SRR1039512.12383391	sp|Q9NRY4|RHG35_HUMAN	100	20	0	0	3	62	377	396	6.07e-11	49.3
SRR1039512.8158710	sp|P09471|GNAO_HUMAN	90.0	20	2	0	60	1	172	191	6.50e-08	40.8
SRR1039512.21824541	sp|P08238|HS90B_HUMAN	100	20	0	0	2	61	56	75	6.73e-09	43.5
SRR1039512.13563320	tr|W1PJ14|W1PJ14_AMBTC	61.9	21	8	0	1	63	497	517	1.32e-05	34.3
SRR1039512.13940654	sp|P09471|GNAO_HUMAN	94.7	19	1	0	2	58	211	229	5.05e-09	43.9
SRR1039512.10445694	sp|P08238|HS90B_HUMAN	100	20	0	0	3	62	559	578	2.35e-08	42.0
SRR1039512.25214684	sp|P08238|HS90B_HUMAN	90.0	20	2	0	2	61	627	646	6.02e-08	40.8
SRR1039512.25471918	sp|P08238|HS90B_HUMAN	95.2	21	1	0	63	1	603	623	1.81e-08	42.4
SRR1039512.20143385	sp|P08238|HS90B_HUMAN	90.5	21	2	0	1	63	424	444	5.18e-09	43.9
SRR1039512.12449175	tr|A0A670JPT3|A0A670JPT3_PODMU	95.0	20	1	0	62	3	350	369	1.94e-09	45.1
SRR1039512.21576678	tr|W1PJ14|W1PJ14_AMBTC	84.2	19	3	0	59	3	528	546	2.90e-07	38.9
SRR1039512.19703129	sp|P08238|HS90B_HUMAN	85.0	20	3	0	4	63	27	46	5.12e-06	35.4
SRR1039512.20624373	sp|P08238|HS90B_HUMAN	95.2	21	1	0	1	63	44	64	2.48e-08	42.0
SRR1039512.17241268	sp|Q9NRY4|RHG35_HUMAN	95.0	20	1	0	62	3	834	853	1.52e-07	39.7
SRR1039512.20051665	sp|P08238|HS90B_HUMAN	100	21	0	0	1	63	385	405	4.64e-08	41.2
SRR1039512.10284824	sp|Q15788|NCOA1_HUMAN	100	20	0	0	61	2	1096	1115	9.99e-07	37.4
SRR1039512.11334885	sp|Q9UGP4|LIMD1_HUMAN	85.0	20	3	0	62	3	614	633	2.16e-10	47.8
SRR1039512.22831103	sp|P28704|RXRB_MOUSE	100	20	0	0	62	3	345	364	1.59e-10	48.1
SRR1039512.10989157	sp|P08238|HS90B_HUMAN	100	21	0	0	1	63	589	609	4.74e-11	49.7
SRR1039512.11601595	sp|P08238|HS90B_HUMAN	80.0	20	4	0	2	61	387	406	2.33e-05	33.5
SRR1039512.259498	sp|P08238|HS90B_HUMAN	100	20	0	0	3	62	126	145	1.72e-08	42.4
SRR1039512.5782681	sp|P08238|HS90B_HUMAN	100	21	0	0	1	63	114	134	2.77e-09	44.7
SRR1039512.18978063	sp|P51531|SMCA2_HUMAN	100	20	0	0	3	62	361	380	1.24e-08	42.7
SRR1039512.8786476	sp|P51532|SMCA4_HUMAN	100	20	0	0	2	61	1102	1121	7.41e-10	46.2
SRR1039512.28083599	tr|W1PJ14|W1PJ14_AMBTC	70.0	20	6	0	62	3	466	485	6.67e-06	35.0
SRR1039512.9957464	tr|W1PJ14|W1PJ14_AMBTC	63.2	19	7	0	57	1	471	489	1.19e-04	31.6
SRR1039512.15119371	sp|Q9NRY4|RHG35_HUMAN	95.2	21	1	0	63	1	131	151	7.81e-10	46.2
SRR1039512.17372237	tr|W1PJ14|W1PJ14_AMBTC	85.0	20	3	0	61	2	540	559	3.23e-08	41.6
SRR1039512.15321706	sp|P08238|HS90B_HUMAN	100	20	0	0	3	62	12	31	3.95e-07	38.5
SRR1039512.16141016	sp|P08238|HS90B_HUMAN	95.0	20	1	0	61	2	612	631	3.60e-09	44.3
SRR1039512.8489006	sp|P01116|RASK_HUMAN	83.3	18	3	0	56	3	53	70	6.67e-06	35.0
SRR1039512.924191	sp|P08238|HS90B_HUMAN	85.7	21	3	0	63	1	650	670	1.07e-06	37.4
SRR1039512.18141350	sp|B2RWS6|EP300_MOUSE	93.8	16	1	0	61	14	239	254	1.86e-06	36.6
SRR1039512.21469735	sp|P08238|HS90B_HUMAN	85.0	20	3	0	3	62	620	639	1.54e-07	39.7
SRR1039512.16580052	sp|P08238|HS90B_HUMAN	100	21	0	0	1	63	378	398	3.79e-09	44.3
SRR1039512.21204817	tr|W1PJ14|W1PJ14_AMBTC	73.7	19	5	0	59	3	492	510	1.25e-05	34.3
SRR1039512.5685241	sp|P51531|SMCA2_HUMAN	100	21	0	0	1	63	1463	1483	3.05e-10	47.4
SRR1039512.14853956	sp|B2RWS6|EP300_MOUSE	100	20	0	0	62	3	2065	2084	3.88e-07	38.5
SRR1039512.1706809	sp|P51531|SMCA2_HUMAN	100	20	0	0	2	61	1059	1078	1.24e-08	42.7
SRR1039512.828049	sp|P08238|HS90B_HUMAN	100	20	0	0	61	2	312	331	1.15e-10	48.5
SRR1039512.14928332	sp|P08238|HS90B_HUMAN	64.7	17	6	0	53	3	88	104	7.39e-04	29.3
SRR1039512.19038122	sp|P51532|SMCA4_HUMAN	100	20	0	0	1	60	63	82	7.80e-10	46.2
SRR1039512.23855607	tr|W1PJ14|W1PJ14_AMBTC	84.2	19	3	0	61	5	546	564	6.05e-08	40.8
SRR1039512.20348942	sp|P51531|SMCA2_HUMAN	100	20	0	0	62	3	1237	1256	8.13e-08	40.4
SRR1039512.8356040	sp|P09471|GNAO_HUMAN	84.2	19	3	0	3	59	39	57	1.94e-06	36.6
SRR1039512.23356886	sp|P40763|STAT3_HUMAN	100	21	0	0	1	63	186	206	1.62e-07	39.7
SRR1039512.1246185	sp|Q925J9|MED1_MOUSE	100	20	0	0	3	62	357	376	6.07e-11	49.3
SRR1039512.23662695	tr|W1PJ14|W1PJ14_AMBTC	85.0	20	3	0	62	3	540	559	3.23e-08	41.6
SRR1039512.21900351	tr|W1PJ14|W1PJ14_AMBTC	89.5	19	2	0	59	3	542	560	2.36e-08	42.0
SRR1039512.24487503	sp|P08238|HS90B_HUMAN	85.0	20	3	0	61	2	619	638	8.24e-08	40.4
SRR1039512.14025053	sp|Q925J9|MED1_MOUSE	95.2	21	1	0	63	1	696	716	2.00e-09	45.1
SRR1039512.24210698	sp|P08238|HS90B_HUMAN	86.7	15	2	0	59	15	596	610	4.37e-05	32.7
SRR1039512.7801823	sp|P08238|HS90B_HUMAN	90.0	20	2	0	62	3	405	424	2.88e-07	38.9
SRR1039512.21816014	sp|Q96H86|ZN764_HUMAN	90.5	21	2	0	1	63	123	143	7.93e-07	37.7
SRR1039512.28077668	tr|A0A480PNE7|A0A480PNE7_PIG	100	20	0	0	2	61	215	234	1.75e-08	42.4
SRR1039512.24360661	sp|P08238|HS90B_HUMAN	100	21	0	0	63	1	630	650	3.79e-09	44.3
SRR1039512.19472870	sp|P01116|RASK_HUMAN	85.0	20	3	0	60	1	92	111	1.03e-06	37.4
SRR1039512.11395767	sp|Q9NRY4|RHG35_HUMAN	100	20	0	0	2	61	588	607	1.24e-08	42.7
SRR1039512.3643657	sp|P08238|HS90B_HUMAN	100	20	0	0	62	3	597	616	1.41e-09	45.4
SRR1039512.23822578	sp|Q7SYN5|RXRBA_DANRE	70.0	20	6	0	4	63	148	167	7.09e-06	35.0
SRR1039512.9011795	sp|P40763|STAT3_HUMAN	100	21	0	0	63	1	300	320	5.17e-09	43.9
SRR1039512.5709590	sp|P08238|HS90B_HUMAN	100	20	0	0	3	62	495	514	1.26e-08	42.7
SRR1039512.9708725	sp|P08238|HS90B_HUMAN	100	20	0	0	62	3	685	704	4.40e-08	41.2
SRR1039512.5220302	sp|P08238|HS90B_HUMAN	100	20	0	0	3	62	134	153	6.73e-09	43.5
SRR1039512.19702804	sp|P08238|HS90B_HUMAN	80.0	20	4	0	4	63	124	143	5.69e-07	38.1
SRR1039512.13367464	sp|B2RWS6|EP300_MOUSE	100	21	0	0	63	1	1793	1813	9.74e-12	51.6
SRR1039512.21280815	sp|P08238|HS90B_HUMAN	90.5	21	2	0	1	63	523	543	2.22e-07	39.3
SRR1039512.10834968	sp|B2RWS6|EP300_MOUSE	100	20	0	0	3	62	181	200	8.10e-08	40.4
SRR1039512.23833238	sp|P08238|HS90B_HUMAN	100	20	0	0	61	2	88	107	9.20e-09	43.1
SRR1039512.18714296	tr|W1PJ14|W1PJ14_AMBTC	90.0	20	2	0	2	61	532	551	2.64e-09	44.7
SRR1039512.5396049	sp|P08238|HS90B_HUMAN	100	20	0	0	2	61	560	579	1.72e-08	42.4
SRR1039512.7774740	sp|P42345|MTOR_HUMAN	100	20	0	0	3	62	451	470	1.01e-09	45.8
SRR1039512.1958366	sp|P08238|HS90B_HUMAN	76.2	21	5	0	1	63	64	84	1.07e-06	37.4
SRR1039512.22185246	sp|P08238|HS90B_HUMAN	100	20	0	0	3	62	17	36	2.35e-08	42.0
SRR1039512.2035047	sp|P08238|HS90B_HUMAN	100	20	0	0	2	61	275	294	2.94e-10	47.4
SRR1039512.5494231	tr|A0AA88PK51|A0AA88PK51_9TELE	70.0	20	6	0	2	61	936	955	4.81e-06	35.4
SRR1039512.15121039	sp|P08238|HS90B_HUMAN	100	21	0	0	63	1	275	295	6.48e-11	49.3
SRR1039512.9261074	sp|P10275|ANDR_HUMAN	95.0	20	1	0	3	62	565	584	6.13e-11	49.3
SRR1039512.18606798	sp|Q15788|NCOA1_HUMAN	100	20	0	0	2	61	1028	1047	7.42e-10	46.2
SRR1039512.12799591	sp|Q9NRY4|RHG35_HUMAN	100	21	0	0	63	1	1235	1255	3.06e-10	47.4
SRR1039512.20149356	sp|P09471|GNAO_HUMAN	68.4	19	6	0	57	1	195	213	1.49e-06	37.0
SRR1039512.20714921	tr|W1PJ14|W1PJ14_AMBTC	73.7	19	5	0	5	61	494	512	1.25e-05	34.3
SRR1039512.16972222	sp|P08238|HS90B_HUMAN	100	21	0	0	63	1	590	610	2.27e-10	47.8
SRR1039512.26022899	sp|P09471|GNAO_HUMAN	95.0	20	1	0	62	3	43	62	2.41e-08	42.0
SRR1039512.11893451	sp|P01116|RASK_HUMAN	75.0	20	5	0	61	2	64	83	3.52e-06	35.8
SRR1039512.23497111	sp|P08238|HS90B_HUMAN	78.9	19	4	0	59	3	124	142	1.89e-06	36.6
SRR1039512.8229539	sp|P08238|HS90B_HUMAN	95.0	20	1	0	61	2	397	416	3.95e-07	38.5
SRR1039512.5634236	sp|P08238|HS90B_HUMAN	100	21	0	0	1	63	17	37	5.18e-09	43.9
SRR1039512.11924611	tr|A0A480LKS3|A0A480LKS3_PIG	100	20	0	0	2	61	85	104	9.48e-09	43.1
SRR1039512.13365846	sp|P20815|CP3A5_HUMAN	90.5	21	2	0	63	1	183	203	7.16e-09	43.5
SRR1039512.15234185	sp|P51532|SMCA4_HUMAN	100	21	0	0	1	63	1033	1053	2.23e-10	47.8
SRR1039512.28120700	sp|P01116|RASK_HUMAN	75.0	20	5	0	62	3	64	83	3.52e-06	35.8
SRR1039512.2320331	sp|P08238|HS90B_HUMAN	100	21	0	0	1	63	21	41	8.68e-08	40.4
SRR1039512.4575547	sp|Q92993|KAT5_HUMAN	100	21	0	0	1	63	126	146	3.13e-10	47.4
SRR1039512.22701596	sp|P08238|HS90B_HUMAN	80.0	20	4	0	2	61	491	510	3.54e-06	35.8
SRR1039512.8963450	sp|P51532|SMCA4_HUMAN	100	20	0	0	62	3	876	895	3.25e-11	50.1
SRR1039512.22624213	sp|P51532|SMCA4_HUMAN	100	20	0	0	3	62	479	498	7.41e-10	46.2
SRR1039512.20809194	sp|P42345|MTOR_HUMAN	100	20	0	0	2	61	2203	2222	2.31e-08	42.0
SRR1039512.1363429	tr|W1PJ14|W1PJ14_AMBTC	70.0	20	6	0	62	3	466	485	6.67e-06	35.0
SRR1039512.27445352	sp|B2RWS6|EP300_MOUSE	100	20	0	0	2	61	1214	1233	1.69e-08	42.4
SRR1039512.14692289	sp|Q9NRY4|RHG35_HUMAN	100	20	0	0	61	2	71	90	6.81e-12	52.0
SRR1039512.5959480	sp|P08238|HS90B_HUMAN	95.2	21	1	0	63	1	134	154	5.18e-09	43.9
SRR1039512.19221858	sp|Q9UGP4|LIMD1_HUMAN	55.0	20	9	0	60	1	611	630	3.75e-06	35.8
SRR1039512.14763363	sp|P08238|HS90B_HUMAN	100	21	0	0	63	1	557	577	1.32e-08	42.7
SRR1039512.1220719	sp|P42345|MTOR_HUMAN	100	20	0	0	2	61	270	289	9.94e-07	37.4
SRR1039512.16348189	tr|W1PJ14|W1PJ14_AMBTC	85.7	21	3	0	63	1	540	560	5.20e-09	43.9
SRR1039512.3251114	sp|P08238|HS90B_HUMAN	85.7	21	3	0	1	63	577	597	6.35e-08	40.8
SRR1039512.19791051	sp|P08238|HS90B_HUMAN	100	20	0	0	60	1	272	291	2.77e-09	44.7
SRR1039512.14539073	sp|P40763|STAT3_HUMAN	100	20	0	0	3	62	552	571	8.41e-11	48.9
SRR1039512.12126402	sp|P51531|SMCA2_HUMAN	100	20	0	0	2	61	1103	1122	1.39e-09	45.4
SRR1039512.5452564	sp|P08238|HS90B_HUMAN	95.0	20	1	0	2	61	288	307	1.41e-09	45.4
SRR1039512.226104	sp|P08238|HS90B_HUMAN	100	21	0	0	63	1	89	109	9.69e-09	43.1
SRR1039512.14447712	sp|P51532|SMCA4_HUMAN	63.2	19	7	0	1	57	1087	1105	1.17e-04	31.6
SRR1039512.27117858	sp|P08238|HS90B_HUMAN	100	20	0	0	3	62	662	681	3.60e-09	44.3
SRR1039512.1179434	sp|P01116|RASK_HUMAN	89.5	19	2	0	62	6	61	79	5.15e-07	38.1
SRR1039512.8546280	sp|P08238|HS90B_HUMAN	100	21	0	0	63	1	24	44	1.19e-07	40.0
SRR1039512.13635389	tr|W1PJ14|W1PJ14_AMBTC	63.2	19	7	0	1	57	471	489	4.63e-05	32.7
SRR1039512.15441244	sp|Q15788|NCOA1_HUMAN	100	21	0	0	1	63	955	975	3.06e-10	47.4
SRR1039512.3183298	sp|P51531|SMCA2_HUMAN	100	19	0	0	3	59	495	513	6.56e-06	35.0
SRR1039512.17937721	tr|A0AA88PK51|A0AA88PK51_9TELE	71.4	21	6	0	63	1	1032	1052	1.06e-06	37.4
SRR1039512.22187801	sp|P08238|HS90B_HUMAN	95.0	20	1	0	3	62	31	50	4.40e-08	41.2
SRR1039512.3784495	sp|P08238|HS90B_HUMAN	78.9	19	4	0	3	59	495	513	4.85e-06	35.4
SRR1039512.22975393	sp|P08238|HS90B_HUMAN	100	20	0	0	3	62	354	373	7.52e-10	46.2
SRR1039512.16219920	sp|P08238|HS90B_HUMAN	76.2	21	5	0	63	1	383	403	2.73e-06	36.2
SRR1039512.421259	sp|P01116|RASK_HUMAN	82.4	17	3	0	13	63	1	17	4.74e-05	32.7
SRR1039512.26459060	sp|P08238|HS90B_HUMAN	95.2	21	1	0	63	1	316	336	1.48e-09	45.4
SRR1039512.16040894	sp|P42345|MTOR_HUMAN	100	20	0	0	61	2	353	372	1.89e-09	45.1
SRR1039512.3549107	sp|P08238|HS90B_HUMAN	100	16	0	0	48	1	272	287	2.46e-05	33.5
SRR1039512.18666939	sp|P51531|SMCA2_HUMAN	100	21	0	0	63	1	785	805	6.39e-11	49.3
SRR1039512.19169248	sp|P42345|MTOR_HUMAN	95.2	21	1	0	63	1	938	958	2.72e-09	44.7
SRR1039512.25919610	sp|O43889|CREB3_HUMAN	100	21	0	0	63	1	208	228	5.81e-07	38.1
SRR1039512.16539652	sp|P08238|HS90B_HUMAN	100	18	0	0	55	2	272	289	6.02e-08	40.8
SRR1039512.6005961	sp|B2RWS6|EP300_MOUSE	95.2	21	1	0	1	63	1248	1268	2.04e-12	53.5
SRR1039512.13272899	tr|A0A8I3NIH7|A0A8I3NIH7_CANLF	100	20	0	0	62	3	540	559	1.42e-09	45.4
SRR1039512.15299637	sp|P10276|RARA_HUMAN	94.1	17	1	0	2	52	153	169	5.45e-04	29.6
SRR1039512.4985421	sp|P08238|HS90B_HUMAN	100	20	0	0	2	61	651	670	7.39e-07	37.7
SRR1039512.21305128	sp|P08238|HS90B_HUMAN	100	20	0	0	61	2	594	613	1.41e-09	45.4
SRR1039512.6319465	sp|Q9NRY4|RHG35_HUMAN	100	20	0	0	2	61	1327	1346	1.90e-09	45.1
SRR1039512.23083731	sp|P08238|HS90B_HUMAN	66.7	21	7	0	1	63	505	525	3.39e-08	41.6
SRR1039512.10657407	sp|P51532|SMCA4_HUMAN	100	20	0	0	2	61	1072	1091	3.54e-09	44.3
SRR1039512.22225186	sp|P08238|HS90B_HUMAN	100	20	0	0	61	2	98	117	2.35e-08	42.0
SRR1039512.6293649	sp|Q9NRY4|RHG35_HUMAN	100	21	0	0	1	63	758	778	1.17e-07	40.0
SRR1039512.17055037	sp|P08238|HS90B_HUMAN	85.0	20	3	0	3	62	631	650	1.38e-06	37.0
SRR1039512.237640	sp|P08238|HS90B_HUMAN	90.5	21	2	0	63	1	356	376	7.92e-10	46.2
SRR1039512.15243625	sp|P51532|SMCA4_HUMAN	100	20	0	0	3	62	874	893	4.97e-12	52.4
SRR1039512.19915689	sp|P08238|HS90B_HUMAN	100	21	0	0	1	63	165	185	1.66e-10	48.1
SRR1039512.28109075	sp|O43889|CREB3_HUMAN	100	19	0	0	57	1	1	19	7.96e-07	37.7
SRR1039512.28112430	tr|A0A480LKS3|A0A480LKS3_PIG	100	20	0	0	62	3	180	199	3.32e-08	41.6
SRR1039512.22481012	tr|W1PJ14|W1PJ14_AMBTC	73.7	19	5	0	3	59	492	510	1.25e-05	34.3
SRR1039512.24711982	sp|P09471|GNAO_HUMAN	75.0	20	5	0	2	61	210	229	3.63e-06	35.8
SRR1039512.27081221	sp|Q61026|NCOA2_MOUSE	95.0	20	1	0	61	2	1080	1099	8.14e-08	40.4
SRR1039512.7361281	sp|P51531|SMCA2_HUMAN	100	20	0	0	61	2	1297	1316	2.08e-07	39.3
SRR1039512.12603757	sp|P09471|GNAO_HUMAN	68.4	19	6	0	62	6	44	62	3.26e-05	33.1
SRR1039512.24597768	sp|P08238|HS90B_HUMAN	85.7	21	3	0	1	63	157	177	2.48e-08	42.0
SRR1039512.11778382	tr|A0A480LKS3|A0A480LKS3_PIG	100	21	0	0	63	1	127	147	6.62e-11	49.3
SRR1039512.21780826	sp|P09471|GNAO_HUMAN	90.0	20	2	0	2	61	255	274	4.52e-08	41.2
SRR1039512.8648084	tr|W1PJ14|W1PJ14_AMBTC	70.0	20	6	0	62	3	466	485	6.67e-06	35.0
SRR1039512.20602168	sp|P08238|HS90B_HUMAN	100	20	0	0	61	2	650	669	2.11e-07	39.3
SRR1039512.2313994	sp|Q9NRY4|RHG35_HUMAN	68.4	19	6	0	59	3	876	894	7.32e-04	29.3
SRR1039512.20314363	sp|P08238|HS90B_HUMAN	100	21	0	0	63	1	693	713	9.69e-09	43.1
SRR1039512.26680449	sp|P42345|MTOR_HUMAN	100	20	0	0	2	61	1572	1591	8.09e-08	40.4
SRR1039512.27411023	tr|W1PJ14|W1PJ14_AMBTC	73.7	19	5	0	5	61	494	512	1.25e-05	34.3
SRR1039512.3580109	sp|P08238|HS90B_HUMAN	90.0	20	2	0	2	61	628	647	6.02e-08	40.8
SRR1039512.16017091	sp|P08238|HS90B_HUMAN	90.0	20	2	0	62	3	360	379	2.63e-09	44.7
SRR1039512.15784779	sp|P08238|HS90B_HUMAN	85.7	21	3	0	1	63	617	637	7.08e-09	43.5
SRR1039512.17897773	sp|P08238|HS90B_HUMAN	95.0	20	1	0	62	3	469	488	2.35e-08	42.0
SRR1039512.21512639	sp|P08238|HS90B_HUMAN	100	19	0	0	2	58	150	168	1.72e-08	42.4
SRR1039512.16367650	sp|P08238|HS90B_HUMAN	95.2	21	1	0	1	63	343	363	3.39e-08	41.6
SRR1039512.4173724	sp|Q9NRY4|RHG35_HUMAN	100	21	0	0	63	1	1028	1048	7.81e-10	46.2
SRR1039512.2296029	sp|P09471|GNAO_HUMAN	90.0	20	2	0	3	62	38	57	8.45e-08	40.4
