SRR1039512.143017	sp|O35973|PER1_MOUSE	100	20	0	0	62	3	623	642	7.43e-10	46.2
SRR1039512.202382	sp|O35973|PER1_MOUSE	100	14	0	0	20	61	771	784	5.93e-05	32.3
SRR1039512.783123	sp|O35973|PER1_MOUSE	95.0	20	1	0	3	62	915	934	1.24e-08	42.7
SRR1039512.2266242	sp|O35973|PER1_MOUSE	100	20	0	0	3	62	363	382	2.91e-10	47.4
SRR1039512.2530915	sp|O35973|PER1_MOUSE	100	20	0	0	2	61	544	563	1.90e-09	45.1
SRR1039512.2557395	tr|C0ITM0|C0ITM0_DANRE	65.0	20	7	0	1	60	114	133	3.09e-04	30.4
SRR1039512.2788705	sp|O35973|PER1_MOUSE	95.2	21	1	0	63	1	4	24	2.00e-09	45.1
SRR1039512.2904197	sp|O35973|PER1_MOUSE	90.5	21	2	0	63	1	1204	1224	5.12e-09	43.9
SRR1039512.3055135	sp|O35973|PER1_MOUSE	95.0	20	1	0	2	61	285	304	1.90e-09	45.1
SRR1039512.3821131	sp|O35973|PER1_MOUSE	100	13	0	0	41	3	357	369	5.93e-05	32.3
SRR1039512.4202090	sp|O35973|PER1_MOUSE	81.0	21	4	0	1	63	566	586	1.78e-05	33.9
SRR1039512.4302584	sp|O35973|PER1_MOUSE	85.0	20	3	0	61	2	1154	1173	2.56e-06	36.2
SRR1039512.4309170	sp|O35973|PER1_MOUSE	85.7	21	3	0	63	1	1197	1217	7.01e-09	43.5
SRR1039512.4346895	sp|O35973|PER1_MOUSE	85.0	20	3	0	61	2	276	295	1.11e-07	40.0
SRR1039512.4563730	sp|O35973|PER1_MOUSE	94.7	19	1	0	58	2	621	639	3.18e-08	41.6
SRR1039512.4574951	sp|O35973|PER1_MOUSE	100	21	0	0	63	1	92	112	5.07e-06	35.4
SRR1039512.4775912	sp|O35973|PER1_MOUSE	100	21	0	0	63	1	94	114	9.51e-06	34.7
SRR1039512.4811942	sp|O35973|PER1_MOUSE	100	20	0	0	3	62	195	214	1.70e-08	42.4
SRR1039512.5545849	sp|O35973|PER1_MOUSE	88.9	18	2	0	8	61	818	835	3.18e-08	41.6
SRR1039512.5713262	sp|O35973|PER1_MOUSE	100	20	0	0	2	61	353	372	1.56e-10	48.1
SRR1039512.5890143	sp|O35973|PER1_MOUSE	95.0	20	1	0	62	3	206	225	8.15e-08	40.4
SRR1039512.6484171	sp|O35973|PER1_MOUSE	100	20	0	0	61	2	114	133	2.85e-07	38.9
SRR1039512.6568568	sp|O35973|PER1_MOUSE	100	14	0	0	42	1	963	976	3.34e-05	33.1
SRR1039512.6609291	sp|O35973|PER1_MOUSE	100	20	0	0	61	2	86	105	5.93e-05	32.3
SRR1039512.6613788	sp|O35973|PER1_MOUSE	100	21	0	0	63	1	546	566	4.19e-10	47.0
SRR1039512.6634973	sp|O35973|PER1_MOUSE	100	20	0	0	62	3	361	380	2.13e-10	47.8
SRR1039512.6756731	sp|O35973|PER1_MOUSE	100	21	0	0	1	63	92	112	5.07e-06	35.4
SRR1039512.6797851	sp|O35973|PER1_MOUSE	95.0	20	1	0	61	2	212	231	3.18e-08	41.6
SRR1039512.7095676	sp|O35973|PER1_MOUSE	100	19	0	0	1	57	1046	1064	1.78e-05	33.9
SRR1039512.7101515	sp|O35973|PER1_MOUSE	100	20	0	0	2	61	717	736	1.24e-08	42.7
SRR1039512.7620578	sp|P43354|NR4A2_HUMAN	95.0	20	1	0	3	62	323	342	2.37e-08	42.0
SRR1039512.7705146	sp|O35973|PER1_MOUSE	95.0	20	1	0	2	61	176	195	1.90e-09	45.1
SRR1039512.7909170	sp|O35973|PER1_MOUSE	100	20	0	0	2	61	69	88	1.23e-05	34.3
SRR1039512.8011988	tr|C0ITM0|C0ITM0_DANRE	70.6	17	5	0	52	2	304	320	7.51e-04	29.3
SRR1039512.8320347	sp|O35973|PER1_MOUSE	100	14	0	0	63	22	1222	1235	1.61e-04	31.2
SRR1039512.8466461	tr|C0ITM0|C0ITM0_DANRE	70.6	17	5	0	12	62	304	320	7.51e-04	29.3
SRR1039512.8746672	sp|O35973|PER1_MOUSE	88.9	18	2	0	9	62	574	591	1.87e-06	36.6
SRR1039512.8845445	sp|O35973|PER1_MOUSE	100	20	0	0	3	62	970	989	4.86e-09	43.9
SRR1039512.8883360	sp|O35973|PER1_MOUSE	93.3	15	1	0	62	18	825	839	2.08e-04	30.8
SRR1039512.9965646	sp|O35973|PER1_MOUSE	100	20	0	0	3	62	164	183	3.18e-08	41.6
SRR1039512.10648390	tr|C0ITM0|C0ITM0_DANRE	73.7	19	5	0	2	58	311	329	1.93e-06	36.6
SRR1039512.10858336	sp|O35973|PER1_MOUSE	100	20	0	0	3	62	377	396	1.70e-08	42.4
SRR1039512.10934755	sp|O35973|PER1_MOUSE	100	21	0	0	1	63	716	736	2.74e-09	44.7
SRR1039512.11760036	sp|O35973|PER1_MOUSE	100	17	0	0	1	51	37	53	9.51e-06	34.7
SRR1039512.11941384	sp|O35973|PER1_MOUSE	95.2	21	1	0	1	63	870	890	4.59e-08	41.2
SRR1039512.11970597	sp|O35973|PER1_MOUSE	100	20	0	0	62	3	170	189	1.90e-09	45.1
SRR1039512.12098273	sp|O35973|PER1_MOUSE	100	21	0	0	63	1	969	989	7.83e-10	46.2
SRR1039512.12210019	sp|O35973|PER1_MOUSE	100	20	0	0	2	61	424	443	3.26e-11	50.1
SRR1039512.12621594	sp|O35973|PER1_MOUSE	95.0	20	1	0	62	3	1181	1200	6.65e-09	43.5
SRR1039512.13038259	sp|O35973|PER1_MOUSE	100	20	0	0	62	3	417	436	3.26e-11	50.1
SRR1039512.13443955	sp|O35973|PER1_MOUSE	100	17	0	0	11	61	69	85	5.35e-04	29.6
SRR1039512.13763446	sp|O35973|PER1_MOUSE	95.0	20	1	0	62	3	115	134	1.00e-06	37.4
SRR1039512.13937093	sp|O35973|PER1_MOUSE	100	19	0	0	3	59	912	930	2.09e-07	39.3
SRR1039512.14350215	sp|O35973|PER1_MOUSE	100	20	0	0	3	62	533	552	1.14e-10	48.5
SRR1039512.14712995	sp|O35973|PER1_MOUSE	95.2	21	1	0	1	63	183	203	3.06e-10	47.4
SRR1039512.14816446	sp|O35973|PER1_MOUSE	100	20	0	0	3	62	343	362	2.91e-10	47.4
SRR1039512.15054236	sp|O35973|PER1_MOUSE	95.0	20	1	0	2	61	1167	1186	5.96e-08	40.8
SRR1039512.15391156	sp|O35973|PER1_MOUSE	85.0	20	3	0	2	61	225	244	1.00e-06	37.4
SRR1039512.15759935	sp|O35973|PER1_MOUSE	100	21	0	0	1	63	463	483	2.00e-09	45.1
SRR1039512.15951190	sp|O35973|PER1_MOUSE	90.0	20	2	0	3	62	792	811	1.53e-07	39.7
SRR1039512.16159391	sp|O35973|PER1_MOUSE	100	20	0	0	61	2	386	405	2.91e-10	47.4
SRR1039512.16275536	sp|O35973|PER1_MOUSE	100	21	0	0	63	1	126	146	5.64e-07	38.1
SRR1039512.16445923	sp|O35973|PER1_MOUSE	90.0	20	2	0	61	2	227	246	3.91e-07	38.5
SRR1039512.16573115	sp|O35973|PER1_MOUSE	100	21	0	0	63	1	78	98	4.12e-07	38.5
SRR1039512.16647042	sp|O35973|PER1_MOUSE	100	20	0	0	3	62	108	127	4.80e-06	35.4
SRR1039512.16715602	sp|O35973|PER1_MOUSE	95.2	21	1	0	1	63	257	277	2.00e-09	45.1
SRR1039512.16771258	sp|P43354|NR4A2_HUMAN	78.9	19	4	0	2	58	468	486	4.43e-08	41.2
SRR1039512.17683724	sp|O35973|PER1_MOUSE	100	18	0	0	56	3	69	86	8.11e-05	32.0
SRR1039512.17992425	sp|O35973|PER1_MOUSE	90.5	21	2	0	1	63	790	810	8.59e-08	40.4
SRR1039512.18153385	sp|O35973|PER1_MOUSE	100	21	0	0	63	1	155	175	1.46e-09	45.4
SRR1039512.18237612	sp|O35973|PER1_MOUSE	100	17	0	0	11	61	69	85	5.35e-04	29.6
SRR1039512.18246540	sp|O35973|PER1_MOUSE	100	21	0	0	1	63	966	986	1.20e-10	48.5
SRR1039512.18285719	sp|O35973|PER1_MOUSE	100	20	0	0	61	2	128	147	1.00e-06	37.4
SRR1039512.18577924	sp|O35973|PER1_MOUSE	100	20	0	0	61	2	81	100	2.31e-05	33.5
SRR1039512.19012385	sp|O35973|PER1_MOUSE	88.2	17	2	0	13	63	818	834	1.61e-07	39.7
SRR1039512.19834122	sp|O35973|PER1_MOUSE	85.0	20	3	0	1	60	979	998	1.45e-06	37.0
SRR1039512.20049966	sp|P43354|NR4A2_HUMAN	81.0	21	4	0	1	63	518	538	5.14e-06	35.4
SRR1039512.21015560	sp|O35973|PER1_MOUSE	100	21	0	0	1	63	309	329	4.69e-11	49.7
SRR1039512.21202447	sp|O35973|PER1_MOUSE	100	20	0	0	61	2	405	424	1.02e-09	45.8
SRR1039512.21453098	sp|O35973|PER1_MOUSE	95.2	21	1	0	63	1	480	500	1.79e-08	42.4
SRR1039512.21911340	sp|O35973|PER1_MOUSE	100	21	0	0	63	1	689	709	5.12e-09	43.9
SRR1039512.22252225	sp|P43354|NR4A2_HUMAN	90.0	20	2	0	3	62	576	595	2.12e-07	39.3
SRR1039512.22306796	sp|O35973|PER1_MOUSE	100	17	0	0	63	13	1219	1235	1.06e-06	37.4
SRR1039512.22440636	sp|O35973|PER1_MOUSE	95.2	21	1	0	63	1	628	648	3.06e-10	47.4
SRR1039512.22495517	sp|O35973|PER1_MOUSE	100	19	0	0	2	58	695	713	8.15e-08	40.4
SRR1039512.22844821	sp|O35973|PER1_MOUSE	100	21	0	0	63	1	117	137	8.59e-08	40.4
SRR1039512.23272932	sp|O35973|PER1_MOUSE	90.0	20	2	0	3	62	1140	1159	1.00e-06	37.4
SRR1039512.24051830	sp|O35973|PER1_MOUSE	95.2	21	1	0	63	1	1212	1232	2.74e-09	44.7
SRR1039512.24223888	sp|O35973|PER1_MOUSE	100	20	0	0	62	3	1170	1189	7.43e-10	46.2
SRR1039512.24583835	sp|O35973|PER1_MOUSE	100	20	0	0	2	61	85	104	1.52e-04	31.2
SRR1039512.24673487	sp|P43354|NR4A2_HUMAN	55.0	20	9	0	3	62	399	418	1.54e-04	31.2
SRR1039512.25036663	sp|O35973|PER1_MOUSE	100	16	0	0	62	15	1220	1235	4.33e-05	32.7
SRR1039512.25197628	sp|O35973|PER1_MOUSE	100	21	0	0	63	1	1029	1049	4.12e-07	38.5
SRR1039512.25277067	sp|O35973|PER1_MOUSE	100	20	0	0	61	2	72	91	5.93e-05	32.3
SRR1039512.25723048	sp|O35973|PER1_MOUSE	94.7	19	1	0	3	59	233	251	5.96e-08	40.8
SRR1039512.25944091	sp|O35973|PER1_MOUSE	95.0	20	1	0	62	3	629	648	1.39e-09	45.4
SRR1039512.27376557	sp|O35973|PER1_MOUSE	100	20	0	0	2	61	353	372	1.56e-10	48.1
SRR1039512.27960542	sp|O35973|PER1_MOUSE	80.0	20	4	0	61	2	503	522	7.31e-07	37.7
SRR1039512.12282726	sp|P40763|STAT3_HUMAN	100	21	0	0	1	63	641	661	7.91e-10	46.2
SRR1039512.6175621	sp|P40763|STAT3_HUMAN	100	21	0	0	1	63	683	703	6.47e-11	49.3
SRR1039512.14405068	sp|Q925J9|MED1_MOUSE	94.1	17	1	0	52	2	994	1010	1.11e-04	31.6
SRR1039512.27842650	sp|P08238|HS90B_HUMAN	100	21	0	0	63	1	654	674	4.64e-08	41.2
SRR1039512.15241113	sp|P08238|HS90B_HUMAN	100	21	0	0	63	1	457	477	3.79e-09	44.3
SRR1039512.1444188	sp|Q9NRY4|RHG35_HUMAN	76.2	21	5	0	1	63	850	870	1.97e-06	36.6
SRR1039512.16409634	sp|P51531|SMCA2_HUMAN	100	20	0	0	3	62	409	428	9.98e-07	37.4
SRR1039512.13535514	sp|P08238|HS90B_HUMAN	100	20	0	0	62	3	147	166	3.60e-09	44.3
SRR1039512.17888665	tr|A0A212CGZ6|A0A212CGZ6_CEREH	80.0	20	4	0	2	61	29	48	5.65e-10	46.6
SRR1039512.2104672	sp|P08238|HS90B_HUMAN	100	20	0	0	61	2	348	367	6.73e-09	43.5
SRR1039512.18964333	sp|P51532|SMCA4_HUMAN	80.0	20	4	0	62	3	907	926	1.52e-04	31.2
SRR1039512.6324	tr|W1PJ14|W1PJ14_AMBTC	71.4	21	6	0	1	63	494	514	1.07e-06	37.4
SRR1039512.18855037	sp|P08238|HS90B_HUMAN	57.9	19	8	0	5	61	496	514	3.94e-04	30.0
SRR1039512.2034351	sp|P40763|STAT3_HUMAN	100	20	0	0	2	61	339	358	1.26e-08	42.7
SRR1039512.5369076	sp|P28704|RXRB_MOUSE	100	20	0	0	61	2	413	432	4.97e-09	43.9
SRR1039512.394606	sp|P08238|HS90B_HUMAN	100	20	0	0	61	2	637	656	1.54e-07	39.7
SRR1039512.20856343	sp|P08238|HS90B_HUMAN	100	21	0	0	1	63	497	517	1.08e-09	45.8
SRR1039512.10840598	sp|P40763|STAT3_HUMAN	100	21	0	0	63	1	488	508	4.73e-11	49.7
SRR1039512.7580600	sp|P51532|SMCA4_HUMAN	85.0	20	0	1	2	61	1379	1395	3.15e-05	33.1
SRR1039512.7096084	tr|A0A480LKS3|A0A480LKS3_PIG	100	20	0	0	61	2	302	321	2.71e-09	44.7
SRR1039512.23505204	sp|P08238|HS90B_HUMAN	85.0	20	3	0	3	62	578	597	3.95e-07	38.5
SRR1039512.26911245	sp|P10275|ANDR_HUMAN	100	20	0	0	61	2	841	860	1.02e-09	45.8
SRR1039512.17204908	sp|P08238|HS90B_HUMAN	95.0	20	1	0	62	3	33	52	8.24e-08	40.4
SRR1039512.20605465	sp|Q9NRY4|RHG35_HUMAN	100	20	0	0	62	3	981	1000	9.08e-09	43.1
SRR1039512.5630355	sp|Q925J9|MED1_MOUSE	100	20	0	0	62	3	780	799	3.90e-07	38.5
SRR1039512.15213447	tr|A0A8V0ZXG8|A0A8V0ZXG8_CHICK	100	20	0	0	3	62	417	436	4.44e-08	41.2
SRR1039512.8440956	sp|P09471|GNAO_HUMAN	76.2	21	5	0	1	63	199	219	7.26e-09	43.5
SRR1039512.17803534	tr|W1PJ14|W1PJ14_AMBTC	73.7	19	5	0	3	59	492	510	1.25e-05	34.3
SRR1039512.9922492	tr|W1PJ14|W1PJ14_AMBTC	76.2	21	5	0	1	63	524	544	1.63e-07	39.7
SRR1039512.2033168	sp|P42345|MTOR_HUMAN	100	20	0	0	62	3	1146	1165	2.58e-09	44.7
SRR1039512.13079913	sp|P08238|HS90B_HUMAN	100	20	0	0	61	2	300	319	1.15e-10	48.5
SRR1039512.21405212	sp|P08238|HS90B_HUMAN	90.5	21	2	0	63	1	654	674	1.62e-07	39.7
SRR1039512.25418214	sp|P08238|HS90B_HUMAN	100	19	0	0	2	58	179	197	2.88e-07	38.9
SRR1039512.21437985	sp|P08238|HS90B_HUMAN	81.0	21	4	0	63	1	209	229	6.35e-08	40.8
SRR1039512.11369432	sp|P08238|HS90B_HUMAN	100	21	0	0	1	63	206	226	1.08e-09	45.8
SRR1039512.25397309	sp|P42345|MTOR_HUMAN	100	20	0	0	3	62	1194	1213	2.58e-09	44.7
SRR1039512.20764145	sp|P08238|HS90B_HUMAN	100	20	0	0	61	2	629	648	6.73e-09	43.5
SRR1039512.6978961	sp|Q9NRY4|RHG35_HUMAN	100	21	0	0	63	1	129	149	5.71e-10	46.6
SRR1039512.18240993	sp|P08238|HS90B_HUMAN	90.0	20	2	0	2	61	348	367	4.40e-08	41.2
SRR1039512.16791470	tr|W1PJ14|W1PJ14_AMBTC	71.4	21	6	0	63	1	492	512	3.76e-06	35.8
SRR1039512.23103842	sp|P08238|HS90B_HUMAN	90.0	20	2	0	2	61	627	646	6.02e-08	40.8
SRR1039512.3839581	tr|A0A480LKS3|A0A480LKS3_PIG	100	20	0	0	3	62	297	316	7.74e-10	46.2
SRR1039512.18074509	sp|P51532|SMCA4_HUMAN	100	21	0	0	63	1	333	353	5.11e-09	43.9
SRR1039512.1303402	sp|P51531|SMCA2_HUMAN	100	20	0	0	62	3	666	685	3.50e-06	35.8
SRR1039512.767339	sp|P08238|HS90B_HUMAN	100	20	0	0	3	62	201	220	1.41e-09	45.4
SRR1039512.9440370	sp|P08238|HS90B_HUMAN	95.0	20	1	0	61	2	134	153	2.35e-08	42.0
SRR1039512.11163141	sp|P09471|GNAO_HUMAN	93.3	15	1	0	17	61	35	49	2.14e-04	30.8
SRR1039512.25062496	tr|W1PJ14|W1PJ14_AMBTC	70.0	20	6	0	62	3	466	485	6.67e-06	35.0
SRR1039512.6247880	tr|A0A670JPT3|A0A670JPT3_PODMU	95.2	21	1	0	63	1	315	335	4.28e-10	47.0
SRR1039512.9971367	tr|A0A8I3NIH7|A0A8I3NIH7_CANLF	100	21	0	0	63	1	408	428	1.09e-09	45.8
SRR1039512.4270369	sp|P08238|HS90B_HUMAN	100	21	0	0	1	63	202	222	2.27e-10	47.8
SRR1039512.27391836	sp|P08238|HS90B_HUMAN	95.0	20	1	0	2	61	396	415	1.01e-06	37.4
SRR1039512.20374405	sp|P08238|HS90B_HUMAN	85.0	20	3	0	61	2	650	669	2.59e-06	36.2
SRR1039512.12280958	sp|B2RWS6|EP300_MOUSE	100	21	0	0	63	1	605	625	1.06e-09	45.8
SRR1039512.1394014	sp|P08238|HS90B_HUMAN	90.0	20	2	0	61	2	639	658	7.39e-07	37.7
SRR1039512.25850025	sp|P42345|MTOR_HUMAN	100	20	0	0	61	2	2068	2087	1.54e-10	48.1
SRR1039512.5092949	tr|A0A480LKS3|A0A480LKS3_PIG	100	20	0	0	61	2	206	225	1.30e-08	42.7
SRR1039512.19739067	sp|P51531|SMCA2_HUMAN	100	21	0	0	1	63	1298	1318	9.56e-09	43.1
SRR1039512.3847390	sp|P08238|HS90B_HUMAN	85.7	21	3	0	63	1	31	51	4.16e-07	38.5
SRR1039512.12773411	sp|P40763|STAT3_HUMAN	85.0	20	3	0	2	61	605	624	4.40e-08	41.2
SRR1039512.2692783	sp|Q9UGP4|LIMD1_HUMAN	100	20	0	0	62	3	118	137	1.26e-08	42.7
SRR1039512.1439336	tr|W1PJ14|W1PJ14_AMBTC	70.0	20	6	0	62	3	466	485	6.67e-06	35.0
SRR1039512.9032189	tr|W1PJ14|W1PJ14_AMBTC	71.4	21	6	0	1	63	494	514	1.07e-06	37.4
SRR1039512.13959474	tr|A0A480LKS3|A0A480LKS3_PIG	100	20	0	0	2	61	182	201	9.48e-09	43.1
SRR1039512.3623709	sp|P08238|HS90B_HUMAN	100	21	0	0	1	63	145	165	8.86e-11	48.9
SRR1039512.26482858	sp|P08238|HS90B_HUMAN	95.2	21	1	0	1	63	125	145	1.32e-08	42.7
SRR1039512.14558819	tr|A0A670JPT3|A0A670JPT3_PODMU	100	20	0	0	3	62	174	193	2.18e-10	47.8
SRR1039512.25437041	sp|P08238|HS90B_HUMAN	85.0	20	3	0	61	2	57	76	1.01e-06	37.4
SRR1039512.23443005	sp|B2RWS6|EP300_MOUSE	81.0	21	2	1	1	63	2201	2219	5.05e-06	35.4
SRR1039512.21558965	sp|B2RWS6|EP300_MOUSE	100	20	0	0	2	61	1047	1066	9.03e-09	43.1
SRR1039512.1351978	sp|O43889|CREB3_HUMAN	100	20	0	0	62	3	111	130	7.55e-07	37.7
SRR1039512.20412276	sp|Q925J9|MED1_MOUSE	95.0	20	1	0	2	61	834	853	3.90e-07	38.5
SRR1039512.15349102	sp|P08238|HS90B_HUMAN	100	15	0	0	18	62	272	286	2.10e-04	30.8
SRR1039512.6911457	sp|P08238|HS90B_HUMAN	100	20	0	0	2	61	332	351	3.60e-09	44.3
SRR1039512.21112621	sp|P08238|HS90B_HUMAN	76.2	21	5	0	63	1	491	511	1.07e-06	37.4
SRR1039512.4989969	sp|P08238|HS90B_HUMAN	100	21	0	0	1	63	699	719	3.79e-09	44.3
SRR1039512.7384687	sp|P40763|STAT3_HUMAN	100	20	0	0	2	61	625	644	2.35e-08	42.0
SRR1039512.11844612	sp|P08238|HS90B_HUMAN	95.2	21	1	0	1	63	45	65	2.48e-08	42.0
SRR1039512.3019494	sp|P08238|HS90B_HUMAN	90.5	21	2	0	1	63	331	351	9.69e-09	43.1
SRR1039512.14704414	sp|P08238|HS90B_HUMAN	80.0	20	4	0	2	61	618	637	4.40e-08	41.2
SRR1039512.14885591	sp|P09471|GNAO_HUMAN	80.0	20	4	0	62	3	42	61	7.57e-07	37.7
SRR1039512.665633	sp|P08238|HS90B_HUMAN	95.0	20	1	0	3	62	670	689	2.63e-09	44.7
SRR1039512.21303037	sp|O43889|CREB3_HUMAN	100	20	0	0	62	3	14	33	5.04e-09	43.9
SRR1039512.2148692	sp|P01116|RASK_HUMAN	82.4	17	3	0	62	12	104	120	1.35e-06	37.0
SRR1039512.4873425	tr|A0A670JPT3|A0A670JPT3_PODMU	95.2	21	1	0	1	63	192	212	1.67e-10	48.1
SRR1039512.16444687	sp|P08238|HS90B_HUMAN	100	18	0	0	9	62	9	26	9.09e-06	34.7
SRR1039512.1912815	sp|P08238|HS90B_HUMAN	100	20	0	0	62	3	148	167	2.63e-09	44.7
SRR1039512.1322821	tr|A0A480LKS3|A0A480LKS3_PIG	100	21	0	0	63	1	286	306	1.52e-09	45.4
SRR1039512.24284479	sp|P51532|SMCA4_HUMAN	100	20	0	0	62	3	886	905	2.12e-10	47.8
SRR1039512.18022969	sp|P08238|HS90B_HUMAN	100	21	0	0	1	63	91	111	3.79e-09	44.3
SRR1039512.13432939	sp|P08238|HS90B_HUMAN	100	20	0	0	3	62	598	617	2.63e-09	44.7
SRR1039512.13715571	sp|P08238|HS90B_HUMAN	100	21	0	0	1	63	467	487	3.79e-09	44.3
SRR1039512.15356544	tr|W1PJ14|W1PJ14_AMBTC	89.5	19	2	0	58	2	542	560	2.36e-08	42.0
SRR1039512.24138316	sp|P08238|HS90B_HUMAN	100	20	0	0	62	3	651	670	7.39e-07	37.7
SRR1039512.22273083	sp|P08238|HS90B_HUMAN	100	21	0	0	1	63	86	106	2.77e-09	44.7
SRR1039512.6737380	sp|P08238|HS90B_HUMAN	71.4	21	6	0	63	1	71	91	3.74e-06	35.8
SRR1039512.27971769	sp|P40763|STAT3_HUMAN	100	21	0	0	63	1	100	120	2.76e-09	44.7
SRR1039512.11716310	sp|P01116|RASK_HUMAN	87.5	16	2	0	62	15	32	47	6.17e-05	32.3
SRR1039512.25588004	tr|W1PJ14|W1PJ14_AMBTC	85.0	20	3	0	61	2	538	557	5.42e-07	38.1
SRR1039512.27020320	tr|W1PJ14|W1PJ14_AMBTC	88.2	17	2	0	55	5	528	544	1.02e-06	37.4
SRR1039512.21062572	tr|A0A670JPT3|A0A670JPT3_PODMU	78.9	19	4	0	59	3	269	287	5.45e-07	38.1
SRR1039512.5130754	sp|P40763|STAT3_HUMAN	52.4	21	10	0	63	1	474	494	1.18e-04	31.6
SRR1039512.10948393	sp|B2RWS6|EP300_MOUSE	100	20	0	0	61	2	1363	1382	1.54e-10	48.1
SRR1039512.13510979	sp|P08238|HS90B_HUMAN	100	14	0	0	62	21	711	724	3.94e-04	30.0
SRR1039512.15245060	sp|P08238|HS90B_HUMAN	100	19	0	0	61	5	125	143	1.26e-08	42.7
SRR1039512.20904957	sp|P08238|HS90B_HUMAN	100	21	0	0	63	1	274	294	8.86e-11	48.9
SRR1039512.25957396	sp|P09471|GNAO_HUMAN	75.0	20	5	0	3	62	49	68	9.29e-06	34.7
SRR1039512.22981718	sp|P08238|HS90B_HUMAN	100	20	0	0	62	3	36	55	6.02e-08	40.8
SRR1039512.5188012	sp|Q92993|KAT5_HUMAN	85.7	21	3	0	63	1	320	340	2.80e-09	44.7
SRR1039512.1078814	sp|P51531|SMCA2_HUMAN	81.0	21	4	0	1	63	1122	1142	2.20e-07	39.3
SRR1039512.14801763	sp|P40763|STAT3_HUMAN	100	20	0	0	2	61	581	600	1.26e-08	42.7
SRR1039512.13065069	sp|P51531|SMCA2_HUMAN	100	20	0	0	2	61	1456	1475	7.41e-10	46.2
SRR1039512.18698368	sp|P08238|HS90B_HUMAN	95.2	21	1	0	63	1	280	300	1.48e-09	45.4
SRR1039512.8022918	sp|B2RWS6|EP300_MOUSE	95.0	20	1	0	2	61	1775	1794	6.04e-11	49.3
SRR1039512.25040489	sp|P08238|HS90B_HUMAN	100	21	0	0	1	63	558	578	7.08e-09	43.5
SRR1039512.9387539	sp|P40763|STAT3_HUMAN	71.4	21	6	0	63	1	504	524	1.06e-06	37.4
SRR1039512.22028130	sp|P40763|STAT3_HUMAN	100	21	0	0	63	1	560	580	1.21e-10	48.5
SRR1039512.15860265	sp|P51531|SMCA2_HUMAN	100	20	0	0	2	61	1366	1385	8.13e-08	40.4
SRR1039512.258497	sp|P40763|STAT3_HUMAN	100	20	0	0	62	3	376	395	2.35e-08	42.0
SRR1039512.26539503	sp|P08238|HS90B_HUMAN	100	20	0	0	3	62	113	132	3.22e-08	41.6
SRR1039512.18708654	sp|P08238|HS90B_HUMAN	95.0	20	1	0	2	61	203	222	2.63e-09	44.7
SRR1039512.12510892	sp|P40763|STAT3_HUMAN	73.3	15	4	0	4	48	672	686	7.81e-04	29.3
SRR1039512.25823817	tr|W1PJ14|W1PJ14_AMBTC	70.0	20	6	0	62	3	466	485	6.67e-06	35.0
SRR1039512.23110433	sp|P51532|SMCA4_HUMAN	70.6	17	5	0	61	11	1040	1056	2.30e-05	33.5
SRR1039512.7774095	sp|O43889|CREB3_HUMAN	100	21	0	0	1	63	89	109	5.93e-10	46.6
SRR1039512.25149322	sp|P08238|HS90B_HUMAN	58.8	17	7	0	11	61	368	384	3.94e-04	30.0
SRR1039512.5517694	sp|P08238|HS90B_HUMAN	90.5	21	2	0	1	63	364	384	1.08e-09	45.8
SRR1039512.5953887	sp|P51532|SMCA4_HUMAN	100	21	0	0	63	1	723	743	1.31e-08	42.7
SRR1039512.27598283	sp|P08238|HS90B_HUMAN	95.0	20	1	0	62	3	30	49	6.02e-08	40.8
SRR1039512.4634800	sp|P08238|HS90B_HUMAN	100	17	0	0	53	3	1	17	2.11e-07	39.3
SRR1039512.5684632	sp|P28704|RXRB_MOUSE	100	20	0	0	2	61	236	255	1.42e-09	45.4
SRR1039512.24273150	sp|P08238|HS90B_HUMAN	55.0	20	9	0	4	63	364	383	4.17e-04	30.0
SRR1039512.12578254	sp|P08238|HS90B_HUMAN	95.2	21	1	0	1	63	291	311	2.77e-09	44.7
SRR1039512.15982503	sp|Q61026|NCOA2_MOUSE	100	20	0	0	62	3	47	66	1.70e-08	42.4
SRR1039512.6801354	sp|Q925J9|MED1_MOUSE	100	20	0	0	2	61	999	1018	9.98e-07	37.4
SRR1039512.24960983	sp|P08238|HS90B_HUMAN	95.0	20	1	0	62	3	136	155	1.72e-08	42.4
SRR1039512.23067343	sp|P08238|HS90B_HUMAN	95.2	21	1	0	1	63	607	627	2.48e-08	42.0
SRR1039512.23160078	sp|P08238|HS90B_HUMAN	95.2	21	1	0	63	1	126	146	2.48e-08	42.0
SRR1039512.9229246	sp|P09471|GNAO_HUMAN	75.0	20	5	0	3	62	22	41	4.46e-05	32.7
SRR1039512.10360038	sp|P40763|STAT3_HUMAN	100	21	0	0	1	63	190	210	2.48e-08	42.0
SRR1039512.11845294	sp|P08238|HS90B_HUMAN	100	19	0	0	6	62	587	605	7.52e-10	46.2
SRR1039512.21397871	sp|P40763|STAT3_HUMAN	100	20	0	0	2	61	399	418	1.40e-09	45.4
SRR1039512.27565956	sp|P08238|HS90B_HUMAN	90.0	20	2	0	2	61	495	514	2.11e-07	39.3
SRR1039512.19696901	sp|P08238|HS90B_HUMAN	95.0	20	1	0	61	2	34	53	5.40e-07	38.1
SRR1039512.27137059	sp|P08238|HS90B_HUMAN	100	20	0	0	3	62	620	639	1.03e-09	45.8
SRR1039512.23200890	tr|W1PJ14|W1PJ14_AMBTC	90.0	20	2	0	61	2	534	553	1.26e-08	42.7
SRR1039512.6414406	sp|P08238|HS90B_HUMAN	100	21	0	0	1	63	588	608	1.86e-11	50.8
SRR1039512.19289951	sp|P08238|HS90B_HUMAN	100	20	0	0	3	62	73	92	1.41e-09	45.4
SRR1039512.11788944	sp|P08238|HS90B_HUMAN	95.0	20	1	0	3	62	280	299	4.92e-09	43.9
SRR1039512.25331917	sp|P51532|SMCA4_HUMAN	100	20	0	0	2	61	1056	1075	5.42e-10	46.6
SRR1039512.8829081	sp|P08238|HS90B_HUMAN	100	20	0	0	3	62	591	610	3.60e-09	44.3
SRR1039512.19349498	sp|P08238|HS90B_HUMAN	71.4	21	6	0	63	1	472	492	5.69e-07	38.1
SRR1039512.20791984	sp|P08238|HS90B_HUMAN	100	21	0	0	1	63	306	326	1.86e-11	50.8
SRR1039512.8934566	sp|P42345|MTOR_HUMAN	100	21	0	0	63	1	2513	2533	1.06e-09	45.8
SRR1039512.23465869	sp|P08238|HS90B_HUMAN	100	20	0	0	62	3	334	353	1.03e-09	45.8
SRR1039512.11927961	sp|P08238|HS90B_HUMAN	100	20	0	0	62	3	102	121	3.95e-07	38.5
SRR1039512.4692318	tr|A0A480LKS3|A0A480LKS3_PIG	100	20	0	0	61	2	122	141	8.62e-11	48.9
SRR1039512.1279240	sp|B2RWS6|EP300_MOUSE	95.2	21	1	0	63	1	2269	2289	1.78e-08	42.4
SRR1039512.25463141	sp|P51531|SMCA2_HUMAN	100	16	0	0	48	1	567	582	1.78e-05	33.9
SRR1039512.26490484	sp|B2RWS6|EP300_MOUSE	100	20	0	0	2	61	1573	1592	1.24e-08	42.7
SRR1039512.8887065	sp|O43889|CREB3_HUMAN	100	21	0	0	63	1	180	200	3.47e-08	41.6
SRR1039512.23404683	sp|Q925J9|MED1_MOUSE	100	21	0	0	63	1	445	465	7.81e-10	46.2
SRR1039512.3746208	tr|W1PJ14|W1PJ14_AMBTC	81.0	21	4	0	63	1	544	564	6.37e-08	40.8
SRR1039512.23588824	sp|P40763|STAT3_HUMAN	100	20	0	0	62	3	502	521	6.72e-09	43.5
SRR1039512.21345652	sp|Q92831|KAT2B_HUMAN	100	20	0	0	61	2	364	383	6.70e-09	43.5
SRR1039512.8314008	sp|P09471|GNAO_HUMAN	90.0	20	2	0	62	3	256	275	1.16e-07	40.0
SRR1039512.21471899	sp|P08238|HS90B_HUMAN	100	21	0	0	1	63	615	635	8.86e-11	48.9
SRR1039512.6873745	sp|Q64127|TIF1A_MOUSE	63.2	19	7	0	59	3	900	918	5.94e-05	32.3
SRR1039512.12918434	sp|Q9NRY4|RHG35_HUMAN	100	20	0	0	2	61	1182	1201	1.24e-08	42.7
SRR1039512.7057581	sp|P08238|HS90B_HUMAN	72.2	18	5	0	56	3	591	608	4.37e-05	32.7
SRR1039512.16600806	sp|P08238|HS90B_HUMAN	90.0	20	2	0	3	62	517	536	2.35e-08	42.0
SRR1039512.19678597	sp|P08238|HS90B_HUMAN	63.2	19	7	0	59	3	368	386	9.09e-06	34.7
SRR1039512.11735276	sp|P09471|GNAO_HUMAN	70.0	20	6	0	2	61	163	182	1.74e-05	33.9
SRR1039512.15122349	sp|O43889|CREB3_HUMAN	100	20	0	0	61	2	114	133	1.41e-06	37.0
SRR1039512.8990537	sp|P08238|HS90B_HUMAN	95.2	21	1	0	1	63	150	170	5.18e-09	43.9
SRR1039512.7309705	sp|B2RWS6|EP300_MOUSE	77.8	18	4	0	9	62	1087	1104	1.68e-05	33.9
SRR1039512.11644836	sp|Q61026|NCOA2_MOUSE	100	20	0	0	62	3	267	286	1.52e-07	39.7
SRR1039512.10802321	sp|P08238|HS90B_HUMAN	70.0	20	6	0	60	1	701	720	8.65e-05	32.0
SRR1039512.15552352	sp|P01116|RASK_HUMAN	68.4	19	6	0	58	2	46	64	3.00e-04	30.4
SRR1039512.2687274	sp|P51531|SMCA2_HUMAN	100	20	0	0	2	61	1340	1359	1.87e-06	36.6
SRR1039512.24776353	sp|P40763|STAT3_HUMAN	100	20	0	0	3	62	423	442	6.72e-09	43.5
SRR1039512.3948414	sp|A3RGC1|VDR_PIG	100	21	0	0	1	63	120	140	2.82e-09	44.7
SRR1039512.6320020	sp|Q92831|KAT2B_HUMAN	100	12	0	0	1	36	609	620	5.70e-04	29.6
SRR1039512.18497667	tr|W1PJ14|W1PJ14_AMBTC	57.1	21	9	0	1	63	497	517	4.63e-05	32.7
SRR1039512.26449425	tr|A0A480LKS3|A0A480LKS3_PIG	100	20	0	0	62	3	300	319	1.98e-09	45.1
SRR1039512.615756	sp|P51532|SMCA4_HUMAN	90.0	20	1	1	6	62	1469	1488	2.30e-05	33.5
SRR1039512.26990446	sp|P40763|STAT3_HUMAN	100	20	0	0	2	61	651	670	3.21e-08	41.6
SRR1039512.19412462	tr|A0A480LKS3|A0A480LKS3_PIG	100	20	0	0	2	61	188	207	6.93e-09	43.5
SRR1039512.447616	sp|P40763|STAT3_HUMAN	61.9	21	8	0	1	63	569	589	1.46e-06	37.0
SRR1039512.22871664	sp|Q61026|NCOA2_MOUSE	95.0	20	1	0	2	61	174	193	1.39e-09	45.4
SRR1039512.11955534	sp|Q61026|NCOA2_MOUSE	95.2	21	1	0	1	63	1197	1217	3.01e-07	38.9
SRR1039512.27943117	tr|W1PJ14|W1PJ14_AMBTC	88.2	17	2	0	55	5	528	544	1.02e-06	37.4
SRR1039512.988212	sp|P08238|HS90B_HUMAN	100	20	0	0	62	3	313	332	3.60e-09	44.3
SRR1039512.21425828	sp|Q60641|NR1H4_MOUSE	78.9	19	4	0	6	62	140	158	4.98e-09	43.9
SRR1039512.2698145	sp|B2RWS6|EP300_MOUSE	95.0	20	1	0	61	2	2106	2125	3.88e-07	38.5
SRR1039512.7425598	sp|Q64127|TIF1A_MOUSE	85.7	21	3	0	63	1	158	178	4.60e-08	41.2
SRR1039512.2834414	sp|P08238|HS90B_HUMAN	90.0	20	2	0	2	61	420	439	1.54e-07	39.7
SRR1039512.874089	sp|P08238|HS90B_HUMAN	90.0	20	2	0	60	1	329	348	1.32e-08	42.7
SRR1039512.11601364	sp|P40763|STAT3_HUMAN	100	20	0	0	62	3	46	65	9.18e-09	43.1
SRR1039512.17958911	sp|P51531|SMCA2_HUMAN	100	20	0	0	62	3	385	404	3.17e-08	41.6
SRR1039512.4617877	tr|W1PJ14|W1PJ14_AMBTC	85.7	21	3	0	63	1	540	560	5.20e-09	43.9
SRR1039512.14436581	sp|P51532|SMCA4_HUMAN	100	21	0	0	1	63	1206	1226	6.98e-09	43.5
SRR1039512.5838758	sp|P08238|HS90B_HUMAN	100	20	0	0	62	3	122	141	4.92e-09	43.9
SRR1039512.7973086	sp|P40763|STAT3_HUMAN	80.0	20	4	0	62	3	332	351	1.54e-07	39.7
SRR1039512.10390662	sp|P09471|GNAO_HUMAN	95.0	20	1	0	2	61	204	223	7.73e-10	46.2
SRR1039512.5411508	sp|P08238|HS90B_HUMAN	100	20	0	0	62	3	276	295	1.15e-10	48.5
SRR1039512.19736789	sp|P01116|RASK_HUMAN	80.0	20	4	0	1	60	25	44	7.47e-07	37.7
SRR1039512.801963	sp|Q61026|NCOA2_MOUSE	90.5	21	2	0	63	1	1031	1051	9.57e-09	43.1
SRR1039512.15760388	tr|A0AA88PK51|A0AA88PK51_9TELE	72.2	18	5	0	54	1	974	991	2.44e-05	33.5
SRR1039512.1655853	sp|P08238|HS90B_HUMAN	80.0	20	4	0	2	61	387	406	2.33e-05	33.5
SRR1039512.20913159	sp|P08238|HS90B_HUMAN	95.2	21	1	0	1	63	686	706	8.68e-08	40.4
SRR1039512.8050527	sp|Q64127|TIF1A_MOUSE	71.4	21	6	0	63	1	235	255	1.61e-07	39.7
SRR1039512.8294111	sp|P08238|HS90B_HUMAN	100	20	0	0	2	61	368	387	1.41e-09	45.4
SRR1039512.10210587	tr|W1PJ14|W1PJ14_AMBTC	84.2	19	3	0	6	62	528	546	2.90e-07	38.9
SRR1039512.16756717	sp|P51531|SMCA2_HUMAN	100	21	0	0	1	63	1125	1145	2.00e-09	45.1
SRR1039512.26322479	sp|P08238|HS90B_HUMAN	100	21	0	0	1	63	318	338	5.79e-10	46.6
SRR1039512.18949539	sp|P01116|RASK_HUMAN	61.1	18	7	0	1	54	103	120	1.68e-04	31.2
SRR1039512.15779962	sp|Q92831|KAT2B_HUMAN	100	21	0	0	1	63	545	565	8.83e-11	48.9
SRR1039512.14280919	sp|P40763|STAT3_HUMAN	70.0	20	6	0	61	2	22	41	1.38e-06	37.0
SRR1039512.25715212	sp|A3RGC1|VDR_PIG	100	21	0	0	1	63	327	347	1.69e-10	48.1
SRR1039512.5468633	sp|Q92993|KAT5_HUMAN	100	20	0	0	3	62	341	360	3.34e-11	50.1
SRR1039512.6539624	sp|P09471|GNAO_HUMAN	75.0	20	5	0	3	62	216	235	2.93e-04	30.4
SRR1039512.19187319	sp|Q15788|NCOA1_HUMAN	100	21	0	0	63	1	1328	1348	3.01e-07	38.9
SRR1039512.17153330	sp|P40763|STAT3_HUMAN	95.0	20	1	0	3	62	158	177	3.21e-08	41.6
SRR1039512.10125055	tr|W1PJ14|W1PJ14_AMBTC	50.0	20	10	0	63	4	552	571	4.18e-04	30.0
SRR1039512.2571247	sp|O43889|CREB3_HUMAN	100	20	0	0	62	3	152	171	7.52e-04	29.3
SRR1039512.13275603	tr|A0A480LKS3|A0A480LKS3_PIG	100	21	0	0	63	1	173	193	6.53e-08	40.8
SRR1039512.17835585	tr|W1PJ14|W1PJ14_AMBTC	84.2	19	3	0	59	3	528	546	2.90e-07	38.9
SRR1039512.19694319	sp|P08238|HS90B_HUMAN	100	20	0	0	62	3	52	71	1.72e-08	42.4
SRR1039512.21789251	sp|P40763|STAT3_HUMAN	66.7	21	7	0	1	63	473	493	3.04e-07	38.9
SRR1039512.11014644	sp|P08238|HS90B_HUMAN	95.0	20	1	0	62	3	432	451	6.02e-08	40.8
SRR1039512.21589297	sp|P08238|HS90B_HUMAN	100	20	0	0	3	62	598	617	2.63e-09	44.7
SRR1039512.22326584	tr|A8QZ73|A8QZ73_MAIZE	80.0	20	4	0	61	2	109	128	3.21e-09	43.9
SRR1039512.8628617	tr|A0A480LKS3|A0A480LKS3_PIG	100	19	0	0	61	5	10	28	1.04e-06	37.4
SRR1039512.2011474	sp|P08238|HS90B_HUMAN	100	20	0	0	3	62	317	336	3.60e-09	44.3
SRR1039512.15047928	tr|A0A8B7QIQ1|A0A8B7QIQ1_HIPAR	72.2	18	5	0	58	5	6	23	7.57e-07	37.7
SRR1039512.15280083	sp|P42345|MTOR_HUMAN	100	19	0	0	62	6	1390	1408	5.40e-10	46.6
SRR1039512.17136816	sp|Q61026|NCOA2_MOUSE	85.7	21	3	0	1	63	1118	1138	1.61e-07	39.7
SRR1039512.24823035	tr|A0A8I3NIH7|A0A8I3NIH7_CANLF	75.0	20	5	0	3	62	246	265	2.37e-08	42.0
SRR1039512.5512680	sp|P08238|HS90B_HUMAN	100	20	0	0	2	61	274	293	2.94e-10	47.4
SRR1039512.20819399	sp|Q15788|NCOA1_HUMAN	100	20	0	0	2	61	1019	1038	3.55e-09	44.3
SRR1039512.15246565	sp|P01116|RASK_HUMAN	84.2	19	3	0	58	2	102	120	5.36e-08	40.8
SRR1039512.10067716	tr|A0A480LKS3|A0A480LKS3_PIG	100	20	0	0	61	2	39	58	3.02e-10	47.4
SRR1039512.14195398	sp|P09471|GNAO_HUMAN	61.9	21	8	0	1	63	170	190	1.21e-04	31.6
SRR1039512.12430241	tr|A0A480LKS3|A0A480LKS3_PIG	100	21	0	0	1	63	166	186	1.36e-08	42.7
SRR1039512.8418507	sp|P08238|HS90B_HUMAN	100	20	0	0	3	62	403	422	1.72e-08	42.4
SRR1039512.2050782	tr|A2BGS7|A2BGS7_DANRE	76.5	17	4	0	61	11	113	129	1.29e-05	34.3
SRR1039512.8260765	sp|P08238|HS90B_HUMAN	100	21	0	0	63	1	314	334	4.23e-10	47.0
SRR1039512.23284915	sp|Q15788|NCOA1_HUMAN	100	21	0	0	1	63	838	858	1.05e-06	37.4
SRR1039512.17292249	sp|Q61026|NCOA2_MOUSE	100	20	0	0	2	61	365	384	1.90e-09	45.1
SRR1039512.12446607	sp|P08238|HS90B_HUMAN	100	21	0	0	63	1	607	627	3.79e-09	44.3
SRR1039512.13110104	sp|B2RWS6|EP300_MOUSE	81.0	21	4	0	1	63	2262	2282	1.17e-07	40.0
SRR1039512.21369340	tr|W1PJ14|W1PJ14_AMBTC	85.0	20	3	0	61	2	540	559	3.23e-08	41.6
SRR1039512.23457984	sp|P40763|STAT3_HUMAN	100	18	0	0	62	9	753	770	8.22e-08	40.4
SRR1039512.24307953	tr|A0A670JPT3|A0A670JPT3_PODMU	90.0	20	2	0	62	3	297	316	3.98e-07	38.5
SRR1039512.5925983	sp|P09471|GNAO_HUMAN	78.9	19	4	0	58	2	208	226	7.57e-07	37.7
SRR1039512.17561236	sp|O43889|CREB3_HUMAN	100	20	0	0	62	3	114	133	1.41e-06	37.0
SRR1039512.23026531	sp|P09471|GNAO_HUMAN	82.4	17	3	0	11	61	34	50	1.14e-04	31.6
SRR1039512.18128754	sp|P40763|STAT3_HUMAN	100	20	0	0	2	61	668	687	6.15e-11	49.3
SRR1039512.16391048	sp|P08238|HS90B_HUMAN	100	21	0	0	63	1	334	354	5.79e-10	46.6
SRR1039512.24666460	sp|P08238|HS90B_HUMAN	100	20	0	0	2	61	312	331	1.15e-10	48.5
SRR1039512.6380614	sp|B2RWS6|EP300_MOUSE	100	20	0	0	61	2	1782	1801	2.36e-11	50.4
SRR1039512.8361811	sp|P08238|HS90B_HUMAN	95.0	20	1	0	62	3	663	682	6.73e-09	43.5
SRR1039512.9188560	sp|P51532|SMCA4_HUMAN	100	20	0	0	61	2	542	561	4.34e-08	41.2
SRR1039512.21312835	sp|P08238|HS90B_HUMAN	100	20	0	0	62	3	313	332	3.60e-09	44.3
SRR1039512.25765648	sp|P08238|HS90B_HUMAN	100	20	0	0	2	61	85	104	2.35e-08	42.0
SRR1039512.25524253	sp|P08238|HS90B_HUMAN	100	21	0	0	63	1	281	301	3.47e-11	50.1
SRR1039512.8098691	sp|P08238|HS90B_HUMAN	90.0	20	2	0	2	61	515	534	1.72e-08	42.4
SRR1039512.11079418	sp|P40763|STAT3_HUMAN	100	20	0	0	62	3	79	98	1.26e-08	42.7
SRR1039512.16034496	sp|P08238|HS90B_HUMAN	100	17	0	0	13	63	9	25	3.37e-05	33.1
SRR1039512.24401325	sp|Q92993|KAT5_HUMAN	100	21	0	0	63	1	271	291	2.57e-11	50.4
SRR1039512.27780130	sp|P01116|RASK_HUMAN	61.9	21	8	0	63	1	57	77	5.11e-06	35.4
SRR1039512.17576760	tr|A0A480LKS3|A0A480LKS3_PIG	95.2	21	1	0	63	1	48	68	5.95e-10	46.6
SRR1039512.24912830	sp|Q9NRY4|RHG35_HUMAN	100	21	0	0	1	63	861	881	1.79e-08	42.4
SRR1039512.3288684	tr|A0A212CGZ6|A0A212CGZ6_CEREH	81.0	21	4	0	63	1	26	46	3.18e-10	47.4
SRR1039512.16685451	tr|W1PJ14|W1PJ14_AMBTC	85.7	21	3	0	63	1	537	557	1.82e-08	42.4
SRR1039512.19599967	sp|P08238|HS90B_HUMAN	100	20	0	0	62	3	367	386	1.92e-09	45.1
SRR1039512.5297489	sp|P42345|MTOR_HUMAN	100	21	0	0	1	63	2130	2150	3.40e-11	50.1
SRR1039512.7013223	sp|Q15788|NCOA1_HUMAN	100	20	0	0	61	2	1050	1069	3.51e-06	35.8
SRR1039512.9971605	sp|Q64127|TIF1A_MOUSE	94.1	17	1	0	56	6	821	837	5.98e-08	40.8
SRR1039512.11551630	sp|P08238|HS90B_HUMAN	100	20	0	0	62	3	306	325	1.15e-10	48.5
SRR1039512.16879345	sp|P01116|RASK_HUMAN	84.2	19	3	0	5	61	97	115	1.86e-06	36.6
SRR1039512.322633	sp|P09471|GNAO_HUMAN	78.9	19	4	0	59	3	143	161	2.65e-06	36.2
SRR1039512.11220408	sp|Q9NRY4|RHG35_HUMAN	100	20	0	0	61	2	761	780	3.90e-07	38.5
SRR1039512.12183483	tr|W1PJ14|W1PJ14_AMBTC	90.0	20	2	0	61	2	530	549	4.94e-09	43.9
SRR1039512.25826904	sp|P08238|HS90B_HUMAN	95.0	20	1	0	61	2	606	625	8.24e-08	40.4
SRR1039512.24978770	sp|P08238|HS90B_HUMAN	90.0	20	2	0	3	62	517	536	2.35e-08	42.0
SRR1039512.3686883	sp|P16220|CREB1_HUMAN	90.0	20	2	0	2	61	221	240	7.60e-07	37.7
SRR1039512.8702667	sp|P01116|RASK_HUMAN	65.0	20	7	0	62	3	56	75	3.27e-05	33.1
SRR1039512.14775125	sp|P40763|STAT3_HUMAN	100	20	0	0	61	2	163	182	2.63e-09	44.7
SRR1039512.21664965	sp|P08238|HS90B_HUMAN	100	19	0	0	59	3	145	163	3.60e-09	44.3
SRR1039512.13502843	sp|Q61026|NCOA2_MOUSE	95.2	21	1	0	1	63	169	189	1.20e-10	48.5
SRR1039512.16469480	sp|P08238|HS90B_HUMAN	100	20	0	0	61	2	601	620	1.72e-08	42.4
SRR1039512.27459819	sp|Q9NRY4|RHG35_HUMAN	100	20	0	0	3	62	379	398	4.44e-11	49.7
SRR1039512.27783237	sp|P08238|HS90B_HUMAN	80.0	20	4	0	62	3	430	449	2.59e-06	36.2
SRR1039512.23045531	sp|P01116|RASK_HUMAN	71.4	21	6	0	1	63	29	49	7.03e-06	35.0
SRR1039512.12748725	sp|A3RGC1|VDR_PIG	100	20	0	0	62	3	52	71	6.28e-11	49.3
SRR1039512.27631052	sp|P08238|HS90B_HUMAN	100	20	0	0	62	3	101	120	1.13e-07	40.0
SRR1039512.12386212	sp|P09471|GNAO_HUMAN	85.0	20	3	0	3	62	266	285	4.96e-06	35.4
SRR1039512.22110222	sp|P08238|HS90B_HUMAN	100	20	0	0	62	3	206	225	2.63e-09	44.7
SRR1039512.25886714	sp|P51532|SMCA4_HUMAN	100	20	0	0	61	2	1033	1052	7.41e-10	46.2
SRR1039512.3713404	tr|W1PJ14|W1PJ14_AMBTC	55.0	20	9	0	3	62	500	519	6.00e-05	32.3
SRR1039512.3842794	sp|P51532|SMCA4_HUMAN	85.0	20	3	0	60	1	1146	1165	3.70e-06	35.8
SRR1039512.14652263	sp|Q15788|NCOA1_HUMAN	100	21	0	0	63	1	85	105	1.44e-06	37.0
SRR1039512.25186516	sp|P08238|HS90B_HUMAN	100	21	0	0	1	63	477	497	4.64e-08	41.2
SRR1039512.25987985	sp|Q925J9|MED1_MOUSE	93.8	16	1	0	63	16	817	832	6.25e-05	32.3
SRR1039512.14285551	sp|Q9NRY4|RHG35_HUMAN	60.0	20	8	0	62	3	1368	1387	2.08e-04	30.8
SRR1039512.10638781	sp|P08238|HS90B_HUMAN	100	20	0	0	2	61	345	364	4.40e-08	41.2
SRR1039512.25704681	sp|P28704|RXRB_MOUSE	100	20	0	0	2	61	368	387	1.74e-08	42.4
SRR1039512.24230038	sp|O43889|CREB3_HUMAN	100	21	0	0	63	1	148	168	3.82e-06	35.8
SRR1039512.4058668	tr|W1PJ14|W1PJ14_AMBTC	90.5	21	2	0	63	1	535	555	5.20e-09	43.9
SRR1039512.10773655	sp|P08238|HS90B_HUMAN	100	20	0	0	3	62	121	140	9.20e-09	43.1
SRR1039512.16971329	sp|P08238|HS90B_HUMAN	100	20	0	0	61	2	63	82	9.20e-09	43.1
SRR1039512.4610449	sp|P08238|HS90B_HUMAN	95.2	21	1	0	1	63	137	157	5.79e-10	46.6
SRR1039512.13047062	sp|P08238|HS90B_HUMAN	90.0	20	2	0	2	61	155	174	6.02e-08	40.8
SRR1039512.16289568	sp|P08238|HS90B_HUMAN	70.0	20	6	0	2	61	509	528	2.88e-07	38.9
SRR1039512.8035491	sp|P08238|HS90B_HUMAN	95.0	20	1	0	2	61	33	52	8.24e-08	40.4
SRR1039512.1868561	tr|A0A480LKS3|A0A480LKS3_PIG	95.2	21	1	0	1	63	49	69	4.35e-10	47.0
SRR1039512.9834399	tr|W1PJ14|W1PJ14_AMBTC	85.7	21	3	0	63	1	540	560	5.20e-09	43.9
SRR1039512.24947924	tr|W1PJ14|W1PJ14_AMBTC	85.0	20	3	0	61	2	538	557	5.42e-07	38.1
SRR1039512.26422793	sp|P08238|HS90B_HUMAN	65.0	20	7	0	3	62	499	518	1.38e-06	37.0
SRR1039512.27975044	tr|W1PJ14|W1PJ14_AMBTC	84.2	19	3	0	59	3	528	546	2.90e-07	38.9
SRR1039512.16394130	sp|P08238|HS90B_HUMAN	100	20	0	0	62	3	702	721	2.35e-08	42.0
SRR1039512.6352070	sp|P08238|HS90B_HUMAN	85.0	20	3	0	62	3	650	669	2.59e-06	36.2
SRR1039512.15308188	sp|P08238|HS90B_HUMAN	95.2	21	1	0	63	1	281	301	4.23e-10	47.0
SRR1039512.10980652	sp|P08238|HS90B_HUMAN	100	20	0	0	2	61	272	291	1.92e-09	45.1
SRR1039512.12610871	sp|P08238|HS90B_HUMAN	100	21	0	0	63	1	518	538	3.10e-10	47.4
SRR1039512.2312361	sp|P08238|HS90B_HUMAN	100	20	0	0	62	3	569	588	1.54e-07	39.7
SRR1039512.19999957	sp|P08238|HS90B_HUMAN	90.0	20	2	0	62	3	31	50	2.88e-07	38.9
SRR1039512.21555268	sp|P08238|HS90B_HUMAN	75.0	20	5	0	3	62	489	508	2.59e-06	36.2
SRR1039512.6862756	sp|P42345|MTOR_HUMAN	100	21	0	0	1	63	807	827	2.72e-09	44.7
SRR1039512.882931	sp|Q92831|KAT2B_HUMAN	100	20	0	0	3	62	736	755	5.48e-10	46.6
SRR1039512.17700454	sp|P08238|HS90B_HUMAN	95.0	20	1	0	62	3	432	451	6.02e-08	40.8
SRR1039512.24266435	tr|W1PJ14|W1PJ14_AMBTC	85.7	21	3	0	63	1	542	562	3.80e-09	44.3
SRR1039512.2465889	tr|A0A670JPT3|A0A670JPT3_PODMU	100	20	0	0	62	3	331	350	1.04e-09	45.8
SRR1039512.23448074	sp|P08238|HS90B_HUMAN	90.0	20	2	0	2	61	420	439	1.54e-07	39.7
SRR1039512.27220175	sp|Q9NRY4|RHG35_HUMAN	84.2	19	3	0	61	5	869	887	5.92e-05	32.3
SRR1039512.4227624	sp|Q92993|KAT5_HUMAN	100	20	0	0	2	61	404	423	1.42e-09	45.4
SRR1039512.11136345	sp|Q64127|TIF1A_MOUSE	100	20	0	0	62	3	192	211	2.33e-08	42.0
SRR1039512.9323211	sp|P08238|HS90B_HUMAN	75.0	20	5	0	3	62	372	391	2.11e-07	39.3
SRR1039512.20584784	sp|P51531|SMCA2_HUMAN	100	20	0	0	2	61	1485	1504	4.34e-08	41.2
SRR1039512.24547903	tr|W1PJ14|W1PJ14_AMBTC	84.2	19	3	0	59	3	528	546	2.90e-07	38.9
SRR1039512.8307752	sp|P09471|GNAO_HUMAN	75.0	20	5	0	2	61	210	229	3.63e-06	35.8
SRR1039512.4736546	tr|W1PJ14|W1PJ14_AMBTC	84.2	19	3	0	61	5	546	564	6.05e-08	40.8
SRR1039512.23650107	sp|P08238|HS90B_HUMAN	100	20	0	0	2	61	506	525	2.94e-10	47.4
SRR1039512.5813960	sp|P28704|RXRB_MOUSE	100	20	0	0	3	62	412	431	4.97e-09	43.9
SRR1039512.3051336	tr|A2BGS7|A2BGS7_DANRE	77.8	18	4	0	3	56	112	129	3.32e-05	33.1
SRR1039512.8337225	sp|Q9UGP4|LIMD1_HUMAN	58.8	17	7	0	55	5	609	625	8.20e-05	32.0
SRR1039512.7822648	sp|P08238|HS90B_HUMAN	100	20	0	0	3	62	569	588	1.54e-07	39.7
SRR1039512.7828439	tr|A0A480LKS3|A0A480LKS3_PIG	100	20	0	0	2	61	146	165	1.98e-09	45.1
SRR1039512.7843927	sp|P08238|HS90B_HUMAN	100	20	0	0	2	61	345	364	4.40e-08	41.2
SRR1039512.18676178	sp|P51532|SMCA4_HUMAN	76.2	21	5	0	63	1	1142	1162	5.06e-06	35.4
SRR1039512.24150743	sp|P08238|HS90B_HUMAN	90.0	20	2	0	3	62	525	544	6.02e-08	40.8
SRR1039512.18229689	sp|P08238|HS90B_HUMAN	85.0	20	3	0	3	62	578	597	3.95e-07	38.5
SRR1039512.20315137	sp|P43354|NR4A2_HUMAN	61.9	21	8	0	1	63	307	327	1.32e-05	34.3
SRR1039512.18984717	sp|P51531|SMCA2_HUMAN	100	20	0	0	61	2	876	895	1.24e-08	42.7
SRR1039512.19817605	sp|O43889|CREB3_HUMAN	100	20	0	0	3	62	59	78	6.89e-09	43.5
SRR1039512.18758433	sp|P10275|ANDR_HUMAN	80.0	20	4	0	63	4	597	616	1.18e-07	40.0
SRR1039512.14957095	sp|P09471|GNAO_HUMAN	89.5	19	2	0	6	62	170	188	7.57e-07	37.7
SRR1039512.10952514	sp|P08238|HS90B_HUMAN	95.0	20	1	0	3	62	31	50	4.40e-08	41.2
SRR1039512.24344546	sp|P08238|HS90B_HUMAN	90.0	20	2	0	4	63	580	599	2.77e-09	44.7
SRR1039512.20708526	sp|Q64127|TIF1A_MOUSE	94.1	17	1	0	53	3	821	837	1.25e-08	42.7
SRR1039512.5692603	tr|A2BGS7|A2BGS7_DANRE	72.2	18	5	0	3	56	112	129	1.77e-05	33.9
SRR1039512.19057072	sp|P08238|HS90B_HUMAN	95.2	21	1	0	1	63	86	106	1.32e-08	42.7
SRR1039512.9124230	sp|P08238|HS90B_HUMAN	90.0	20	2	0	2	61	355	374	6.73e-09	43.5
SRR1039512.3748632	tr|W1PJ14|W1PJ14_AMBTC	70.0	20	6	0	62	3	466	485	6.67e-06	35.0
SRR1039512.3489281	sp|P08238|HS90B_HUMAN	100	20	0	0	3	62	97	116	1.26e-08	42.7
SRR1039512.7446006	tr|A0A671F296|A0A671F296_RHIFE	70.0	20	6	0	3	62	57	76	9.30e-06	34.7
SRR1039512.15325030	sp|P08238|HS90B_HUMAN	100	21	0	0	1	63	96	116	3.79e-09	44.3
SRR1039512.18009824	sp|P09471|GNAO_HUMAN	85.7	21	3	0	1	63	184	204	3.88e-09	44.3
SRR1039512.5908140	sp|P08238|HS90B_HUMAN	100	21	0	0	63	1	580	600	3.10e-10	47.4
SRR1039512.23600391	sp|P08238|HS90B_HUMAN	100	20	0	0	3	62	321	340	4.92e-09	43.9
SRR1039512.16000674	sp|Q64127|TIF1A_MOUSE	85.0	20	3	0	2	61	870	889	1.39e-09	45.4
SRR1039512.132763	tr|W1PJ14|W1PJ14_AMBTC	70.0	20	6	0	2	61	494	513	2.34e-05	33.5
SRR1039512.22390674	sp|P09471|GNAO_HUMAN	85.0	20	3	0	3	62	266	285	4.96e-06	35.4
SRR1039512.17355718	sp|P08238|HS90B_HUMAN	90.5	21	2	0	63	1	54	74	1.81e-08	42.4
SRR1039512.11797426	sp|Q9UGP4|LIMD1_HUMAN	55.0	20	9	0	3	62	613	632	3.55e-06	35.8
SRR1039512.19458286	sp|P08238|HS90B_HUMAN	100	21	0	0	1	63	32	52	3.79e-09	44.3
SRR1039512.14532827	sp|P08238|HS90B_HUMAN	100	21	0	0	63	1	147	167	3.10e-10	47.4
SRR1039512.15162802	sp|P08238|HS90B_HUMAN	95.0	20	1	0	61	2	432	451	6.02e-08	40.8
SRR1039512.21800339	sp|P51532|SMCA4_HUMAN	100	21	0	0	1	63	362	382	3.35e-08	41.6
SRR1039512.14526375	tr|W1PJ14|W1PJ14_AMBTC	90.0	20	2	0	2	61	532	551	2.64e-09	44.7
SRR1039512.17966379	sp|P08238|HS90B_HUMAN	100	18	0	0	63	10	215	232	3.37e-05	33.1
SRR1039512.18145855	sp|Q64127|TIF1A_MOUSE	70.0	20	6	0	63	4	229	248	7.74e-07	37.7
SRR1039512.23975952	tr|A0A670JPT3|A0A670JPT3_PODMU	95.0	20	1	0	2	61	148	167	2.98e-10	47.4
SRR1039512.25740228	sp|P08238|HS90B_HUMAN	100	20	0	0	61	2	612	631	4.02e-10	47.0
SRR1039512.13730590	sp|P51532|SMCA4_HUMAN	95.0	20	1	0	2	61	504	523	1.87e-06	36.6
SRR1039512.26781071	sp|P40763|STAT3_HUMAN	100	15	0	0	2	46	756	770	3.54e-06	35.8
SRR1039512.9956698	sp|P08238|HS90B_HUMAN	100	21	0	0	1	63	378	398	3.79e-09	44.3
SRR1039512.22846263	sp|P08238|HS90B_HUMAN	100	21	0	0	63	1	412	432	1.08e-09	45.8
SRR1039512.2498689	sp|P01116|RASK_HUMAN	66.7	18	6	0	8	61	4	21	4.11e-04	30.0
SRR1039512.23080387	sp|P08238|HS90B_HUMAN	83.3	18	3	0	8	61	707	724	1.53e-04	31.2
SRR1039512.23347612	sp|P08238|HS90B_HUMAN	95.0	20	1	0	3	62	174	193	3.60e-09	44.3
SRR1039512.4681224	sp|P08238|HS90B_HUMAN	100	20	0	0	2	61	291	310	1.92e-09	45.1
SRR1039512.13530948	sp|P09471|GNAO_HUMAN	90.0	20	2	0	3	62	266	285	1.04e-06	37.4
SRR1039512.22456018	tr|A0AA88PK51|A0AA88PK51_9TELE	88.2	17	2	0	3	53	1012	1028	3.51e-06	35.8
SRR1039512.17960519	sp|P08238|HS90B_HUMAN	100	21	0	0	1	63	110	130	3.79e-09	44.3
SRR1039512.5879114	tr|W1PJ14|W1PJ14_AMBTC	66.7	21	7	0	63	1	464	484	3.38e-05	33.1
SRR1039512.139061	sp|P01116|RASK_HUMAN	100	20	0	0	61	2	105	124	3.97e-10	46.6
SRR1039512.1457639	sp|P08238|HS90B_HUMAN	100	21	0	0	63	1	588	608	1.86e-11	50.8
SRR1039512.8553645	sp|P08238|HS90B_HUMAN	100	20	0	0	4	63	48	67	3.39e-08	41.6
SRR1039512.18377968	sp|P08238|HS90B_HUMAN	85.7	21	3	0	1	63	166	186	6.35e-08	40.8
SRR1039512.25489425	sp|P08238|HS90B_HUMAN	100	20	0	0	3	62	89	108	1.72e-08	42.4
SRR1039512.12875981	sp|P08238|HS90B_HUMAN	95.0	20	1	0	3	62	584	603	1.41e-09	45.4
SRR1039512.6713048	sp|P08238|HS90B_HUMAN	81.0	21	4	0	63	1	505	525	2.48e-08	42.0
SRR1039512.1250428	tr|W1PJ14|W1PJ14_AMBTC	70.0	20	6	0	60	1	466	485	9.63e-06	34.7
SRR1039512.1570500	sp|P08238|HS90B_HUMAN	100	18	0	0	55	2	272	289	6.02e-08	40.8
SRR1039512.12507149	sp|P08238|HS90B_HUMAN	100	21	0	0	1	63	610	630	4.23e-10	47.0
SRR1039512.11240286	tr|A0A480LKS3|A0A480LKS3_PIG	100	20	0	0	2	61	127	146	5.66e-10	46.6
SRR1039512.22385641	sp|Q925J9|MED1_MOUSE	90.5	21	2	0	63	1	1362	1382	5.66e-04	29.6
SRR1039512.27734453	sp|Q61026|NCOA2_MOUSE	90.0	20	2	0	3	62	1439	1458	3.55e-09	44.3
SRR1039512.22049777	sp|O43889|CREB3_HUMAN	100	21	0	0	1	63	96	116	2.07e-09	45.1
SRR1039512.17485437	sp|P09471|GNAO_HUMAN	76.2	21	5	0	63	1	285	305	3.47e-08	41.6
SRR1039512.10948769	tr|A0A670JPT3|A0A670JPT3_PODMU	100	21	0	0	1	63	296	316	1.34e-08	42.7
SRR1039512.23419069	sp|P08238|HS90B_HUMAN	100	20	0	0	3	62	574	593	3.22e-08	41.6
SRR1039512.1807031	sp|P08238|HS90B_HUMAN	90.5	21	2	0	1	63	659	679	2.77e-09	44.7
SRR1039512.11970597	sp|O35973|PER1_MOUSE	100	20	0	0	62	3	170	189	1.90e-09	45.1
SRR1039512.27826681	tr|A0A8I3NIH7|A0A8I3NIH7_CANLF	100	20	0	0	3	62	246	265	8.49e-11	48.9
SRR1039512.14453487	sp|P08238|HS90B_HUMAN	100	20	0	0	3	62	206	225	2.63e-09	44.7
SRR1039512.8456693	sp|B2RWS6|EP300_MOUSE	68.4	19	6	0	59	3	554	572	1.51e-04	31.2
SRR1039512.12589329	sp|P40763|STAT3_HUMAN	76.2	21	5	0	1	63	330	350	2.22e-07	39.3
SRR1039512.26702107	sp|P08238|HS90B_HUMAN	100	20	0	0	62	3	122	141	4.92e-09	43.9
SRR1039512.5964062	sp|P08238|HS90B_HUMAN	76.2	21	5	0	63	1	554	574	2.46e-05	33.5
SRR1039512.15553209	sp|P08238|HS90B_HUMAN	75.0	20	5	0	2	61	63	82	1.24e-05	34.3
SRR1039512.3254049	tr|W1PJ14|W1PJ14_AMBTC	61.1	18	7	0	55	2	471	488	5.42e-04	29.6
SRR1039512.17787472	sp|P42345|MTOR_HUMAN	100	20	0	0	61	2	949	968	1.23e-08	42.7
SRR1039512.15652077	tr|A0A670JPT3|A0A670JPT3_PODMU	85.0	20	3	0	3	62	446	465	1.40e-06	37.0
SRR1039512.13698209	sp|Q92831|KAT2B_HUMAN	100	21	0	0	63	1	777	797	7.89e-10	46.2
SRR1039512.15281122	tr|A0A670JPT3|A0A670JPT3_PODMU	100	20	0	0	61	2	173	192	1.16e-10	48.5
SRR1039512.9928795	sp|P08238|HS90B_HUMAN	83.3	18	3	0	3	56	707	724	1.24e-05	34.3
SRR1039512.14539283	sp|P09471|GNAO_HUMAN	89.5	19	2	0	59	3	170	188	7.57e-07	37.7
SRR1039512.25703818	sp|P08238|HS90B_HUMAN	100	20	0	0	2	61	293	312	2.94e-10	47.4
SRR1039512.17777514	sp|Q15788|NCOA1_HUMAN	100	21	0	0	63	1	1242	1262	5.11e-09	43.9
SRR1039512.15974495	sp|P40763|STAT3_HUMAN	100	21	0	0	1	63	65	85	3.78e-09	44.3
SRR1039512.1418133	sp|P40763|STAT3_HUMAN	100	16	0	0	2	49	404	419	7.38e-07	37.7
SRR1039512.1170244	sp|P08238|HS90B_HUMAN	100	20	0	0	2	61	17	36	2.35e-08	42.0
SRR1039512.7169167	sp|P08238|HS90B_HUMAN	90.0	20	2	0	62	3	651	670	1.38e-06	37.0
SRR1039512.659506	sp|Q96H86|ZN764_HUMAN	66.7	21	7	0	63	1	32	52	5.20e-06	35.4
SRR1039512.7250327	sp|P08238|HS90B_HUMAN	100	21	0	0	1	63	577	597	1.08e-09	45.8
SRR1039512.14001741	sp|P08238|HS90B_HUMAN	100	21	0	0	63	1	126	146	1.81e-08	42.4
SRR1039512.27708401	sp|P09471|GNAO_HUMAN	88.9	18	2	0	62	9	40	57	1.42e-06	37.0
SRR1039512.14446657	sp|B2RWS6|EP300_MOUSE	100	19	0	0	61	5	2297	2315	1.52e-07	39.7
SRR1039512.19048467	tr|W1PJ14|W1PJ14_AMBTC	73.7	19	5	0	59	3	492	510	1.25e-05	34.3
SRR1039512.4398366	sp|P08238|HS90B_HUMAN	100	20	0	0	61	2	103	122	1.13e-07	40.0
SRR1039512.4229174	sp|P08238|HS90B_HUMAN	90.0	20	2	0	61	2	639	658	7.39e-07	37.7
SRR1039512.309438	sp|P08238|HS90B_HUMAN	100	20	0	0	62	3	363	382	4.02e-10	47.0
SRR1039512.26106079	sp|P51532|SMCA4_HUMAN	100	20	0	0	3	62	641	660	7.41e-10	46.2
SRR1039512.17286229	sp|B2RWS6|EP300_MOUSE	90.0	20	2	0	62	3	2390	2409	1.23e-05	34.3
SRR1039512.4735381	sp|P08238|HS90B_HUMAN	90.5	21	2	0	1	63	181	201	2.48e-08	42.0
SRR1039512.6644689	tr|W1PJ14|W1PJ14_AMBTC	70.0	20	6	0	3	62	495	514	1.02e-06	37.4
SRR1039512.14624537	sp|Q9NRY4|RHG35_HUMAN	75.0	20	5	0	62	3	485	504	6.56e-06	35.0
SRR1039512.22245840	sp|P08238|HS90B_HUMAN	100	20	0	0	62	3	145	164	2.63e-09	44.7
SRR1039512.3176642	sp|P51531|SMCA2_HUMAN	66.7	21	7	0	1	63	1135	1155	2.43e-05	33.5
SRR1039512.6077352	tr|A0A480PNE7|A0A480PNE7_PIG	100	20	0	0	2	61	64	83	3.59e-06	35.8
SRR1039512.10872648	sp|Q61026|NCOA2_MOUSE	100	12	0	0	38	3	1	12	5.35e-04	29.6
SRR1039512.24120440	tr|W1PJ14|W1PJ14_AMBTC	73.7	19	5	0	6	62	492	510	1.25e-05	34.3
SRR1039512.8062513	sp|Q92831|KAT2B_HUMAN	100	20	0	0	61	2	654	673	8.21e-08	40.4
SRR1039512.27504523	sp|P01116|RASK_HUMAN	65.0	20	7	0	61	2	56	75	3.27e-05	33.1
SRR1039512.17363358	sp|P40763|STAT3_HUMAN	57.1	21	9	0	1	63	54	74	5.70e-04	29.6
SRR1039512.3604211	sp|P51532|SMCA4_HUMAN	80.0	20	4	0	3	62	1171	1190	1.11e-07	40.0
SRR1039512.8236259	sp|P08238|HS90B_HUMAN	100	20	0	0	61	2	90	109	4.40e-08	41.2
SRR1039512.25575963	sp|P08238|HS90B_HUMAN	90.0	20	2	0	60	1	483	502	8.68e-08	40.4
SRR1039512.19241917	sp|P42345|MTOR_HUMAN	100	20	0	0	62	3	522	541	9.03e-09	43.1
SRR1039512.17146960	sp|P51531|SMCA2_HUMAN	100	20	0	0	3	62	573	592	1.52e-07	39.7
SRR1039512.22365497	tr|A0AA88PK51|A0AA88PK51_9TELE	85.0	20	3	0	61	2	1002	1021	4.81e-06	35.4
SRR1039512.24199306	tr|W1PJ14|W1PJ14_AMBTC	70.0	20	6	0	1	60	466	485	2.47e-05	33.5
SRR1039512.23171018	sp|P08238|HS90B_HUMAN	75.0	20	5	0	3	62	569	588	4.37e-05	32.7
SRR1039512.11475878	sp|P08238|HS90B_HUMAN	84.2	19	3	0	2	58	379	397	1.89e-06	36.6
SRR1039512.8615290	sp|P08238|HS90B_HUMAN	85.0	20	3	0	3	62	161	180	3.95e-07	38.5
SRR1039512.13779445	sp|P08238|HS90B_HUMAN	80.0	20	4	0	3	62	434	453	4.85e-06	35.4
SRR1039512.14341065	sp|P51532|SMCA4_HUMAN	100	21	0	0	63	1	1339	1359	5.71e-10	46.6
SRR1039512.15869762	sp|P08238|HS90B_HUMAN	85.7	21	3	0	1	63	428	448	1.62e-07	39.7
SRR1039512.10898897	sp|P10275|ANDR_HUMAN	100	21	0	0	63	1	615	635	1.47e-09	45.4
SRR1039512.167515	sp|Q925J9|MED1_MOUSE	89.5	19	2	0	62	6	1336	1354	1.37e-06	37.0
SRR1039512.14858337	tr|W1PJ14|W1PJ14_AMBTC	85.0	20	3	0	61	2	538	557	5.42e-07	38.1
SRR1039512.19760770	sp|P42345|MTOR_HUMAN	100	21	0	0	63	1	2295	2315	8.69e-11	48.9
SRR1039512.1899238	sp|P16220|CREB1_HUMAN	100	20	0	0	61	2	279	298	1.77e-08	42.4
SRR1039512.7108213	sp|P51532|SMCA4_HUMAN	95.2	21	1	0	1	63	502	522	1.17e-07	40.0
SRR1039512.19421507	sp|P08238|HS90B_HUMAN	85.0	20	3	0	61	2	619	638	8.24e-08	40.4
SRR1039512.168782	sp|Q9NRY4|RHG35_HUMAN	100	20	0	0	3	62	819	838	2.08e-07	39.3
SRR1039512.18147328	tr|A0A480LKS3|A0A480LKS3_PIG	100	20	0	0	61	2	207	226	4.54e-08	41.2
SRR1039512.26265265	sp|P08238|HS90B_HUMAN	100	21	0	0	63	1	276	296	2.54e-11	50.4
SRR1039512.15220669	sp|P08238|HS90B_HUMAN	76.2	21	5	0	1	63	75	95	1.46e-06	37.0
SRR1039512.16724274	sp|P08238|HS90B_HUMAN	95.0	20	1	0	61	2	133	152	1.72e-08	42.4
SRR1039512.3688830	sp|Q9NRY4|RHG35_HUMAN	57.1	21	9	0	63	1	1262	1282	1.44e-06	37.0
SRR1039512.23659959	tr|W1PJ14|W1PJ14_AMBTC	57.1	21	9	0	1	63	501	521	1.80e-05	33.9
SRR1039512.21253750	sp|P08238|HS90B_HUMAN	100	20	0	0	3	62	701	720	1.26e-08	42.7
SRR1039512.4696032	sp|P08238|HS90B_HUMAN	100	20	0	0	61	2	398	417	7.39e-07	37.7
SRR1039512.13814115	sp|P08238|HS90B_HUMAN	85.0	20	3	0	61	2	203	222	4.92e-09	43.9
SRR1039512.1892686	sp|P08238|HS90B_HUMAN	81.0	21	4	0	63	1	505	525	2.48e-08	42.0
SRR1039512.20170232	sp|P08238|HS90B_HUMAN	100	20	0	0	3	62	461	480	1.13e-07	40.0
SRR1039512.2348654	sp|P01116|RASK_HUMAN	70.0	20	6	0	3	62	56	75	6.67e-06	35.0
SRR1039512.9993256	sp|P42345|MTOR_HUMAN	94.7	19	1	0	6	62	2322	2340	1.51e-07	39.7
SRR1039512.2782653	sp|Q925J9|MED1_MOUSE	100	20	0	0	3	62	523	542	2.32e-08	42.0
SRR1039512.15295460	sp|P08238|HS90B_HUMAN	100	20	0	0	62	3	306	325	1.15e-10	48.5
SRR1039512.17460953	sp|P42345|MTOR_HUMAN	100	20	0	0	61	2	1738	1757	6.04e-11	49.3
SRR1039512.8949907	sp|P20815|CP3A5_HUMAN	90.0	20	2	0	2	61	116	135	6.09e-08	40.8
SRR1039512.14043883	sp|P08238|HS90B_HUMAN	95.0	20	1	0	3	62	674	693	3.60e-09	44.3
SRR1039512.19482509	tr|A0A670JPT3|A0A670JPT3_PODMU	100	21	0	0	63	1	329	349	1.09e-09	45.8
SRR1039512.9072176	sp|P40763|STAT3_HUMAN	95.0	20	1	0	2	61	751	770	1.54e-07	39.7
SRR1039512.13631263	sp|P08238|HS90B_HUMAN	100	20	0	0	2	61	437	456	3.22e-08	41.6
SRR1039512.18605517	sp|P08238|HS90B_HUMAN	100	20	0	0	3	62	640	659	8.24e-08	40.4
SRR1039512.176440	sp|P08238|HS90B_HUMAN	100	20	0	0	61	2	295	314	7.52e-10	46.2
SRR1039512.2384144	sp|P08238|HS90B_HUMAN	95.0	20	1	0	2	61	133	152	1.72e-08	42.4
SRR1039512.22505841	sp|Q9NRY4|RHG35_HUMAN	100	20	0	0	62	3	1392	1411	1.14e-10	48.5
SRR1039512.6495564	sp|P08238|HS90B_HUMAN	85.7	21	3	0	1	63	630	650	1.19e-07	40.0
SRR1039512.16312316	sp|O43889|CREB3_HUMAN	100	20	0	0	3	62	207	226	1.15e-07	40.0
SRR1039512.15472498	sp|P09471|GNAO_HUMAN	85.7	21	3	0	63	1	182	202	9.93e-09	43.1
SRR1039512.18201291	sp|P08238|HS90B_HUMAN	81.0	21	4	0	63	1	205	225	9.69e-09	43.1
SRR1039512.11948089	sp|P08238|HS90B_HUMAN	85.0	20	3	0	61	2	201	220	1.72e-08	42.4
SRR1039512.16069500	sp|P09471|GNAO_HUMAN	90.0	20	2	0	2	61	260	279	7.57e-07	37.7
SRR1039512.1717878	sp|P09471|GNAO_HUMAN	93.3	15	1	0	17	61	35	49	2.14e-04	30.8
SRR1039512.25247508	sp|P08238|HS90B_HUMAN	100	20	0	0	2	61	297	316	2.94e-10	47.4
SRR1039512.6343141	sp|O43889|CREB3_HUMAN	100	20	0	0	3	62	204	223	7.55e-07	37.7
SRR1039512.2113889	sp|P08238|HS90B_HUMAN	100	20	0	0	2	61	49	68	4.92e-09	43.9
SRR1039512.12587865	sp|P51531|SMCA2_HUMAN	100	21	0	0	63	1	1453	1473	2.00e-09	45.1
SRR1039512.14284216	sp|P01116|RASK_HUMAN	78.9	19	4	0	3	59	55	73	3.52e-06	35.8
SRR1039512.1013666	sp|P08238|HS90B_HUMAN	85.0	20	3	0	2	61	619	638	8.24e-08	40.4
SRR1039512.22047169	sp|P08238|HS90B_HUMAN	100	14	0	0	44	3	272	285	5.40e-04	29.6
SRR1039512.11903299	tr|A8QZ73|A8QZ73_MAIZE	83.3	18	3	0	56	3	107	124	1.23e-07	39.7
SRR1039512.4104626	sp|P40763|STAT3_HUMAN	100	20	0	0	2	61	227	246	9.18e-09	43.1
SRR1039512.1914057	sp|P08238|HS90B_HUMAN	95.0	20	1	0	3	62	670	689	2.63e-09	44.7
SRR1039512.7510450	sp|P08238|HS90B_HUMAN	100	21	0	0	1	63	147	167	3.10e-10	47.4
SRR1039512.11292426	sp|P08238|HS90B_HUMAN	76.2	21	5	0	1	63	489	509	5.12e-06	35.4
SRR1039512.12383391	sp|Q9NRY4|RHG35_HUMAN	100	20	0	0	62	3	424	443	1.37e-06	37.0
SRR1039512.8158710	sp|P09471|GNAO_HUMAN	80.0	20	4	0	3	62	134	153	1.16e-07	40.0
SRR1039512.21824541	sp|P08238|HS90B_HUMAN	100	21	0	0	63	1	90	110	9.69e-09	43.1
SRR1039512.10445694	sp|P08238|HS90B_HUMAN	100	20	0	0	61	2	606	625	1.26e-08	42.7
SRR1039512.25214684	sp|P08238|HS90B_HUMAN	95.0	20	1	0	61	2	669	688	6.73e-09	43.5
SRR1039512.25471918	sp|P08238|HS90B_HUMAN	95.2	21	1	0	1	63	582	602	4.23e-10	47.0
SRR1039512.12449175	tr|A0A670JPT3|A0A670JPT3_PODMU	100	21	0	0	1	63	338	358	1.67e-10	48.1
SRR1039512.18340479	sp|P08238|HS90B_HUMAN	100	20	0	0	3	62	207	226	2.63e-09	44.7
SRR1039512.21576678	tr|W1PJ14|W1PJ14_AMBTC	71.4	21	6	0	1	63	494	514	2.74e-06	36.2
SRR1039512.20624373	sp|P08238|HS90B_HUMAN	85.0	20	3	0	62	3	59	78	2.88e-07	38.9
SRR1039512.18627455	tr|A8QZ73|A8QZ73_MAIZE	81.0	21	4	0	1	63	109	129	6.36e-10	45.8
SRR1039512.17241268	sp|Q9NRY4|RHG35_HUMAN	100	20	0	0	3	62	819	838	2.08e-07	39.3
SRR1039512.20051665	sp|P08238|HS90B_HUMAN	100	20	0	0	62	3	432	451	1.72e-08	42.4
SRR1039512.10284824	sp|Q15788|NCOA1_HUMAN	100	20	0	0	2	61	1072	1091	9.08e-09	43.1
SRR1039512.22831103	tr|A0A8I3NIH7|A0A8I3NIH7_CANLF	100	20	0	0	2	61	369	388	2.97e-10	47.4
SRR1039512.10989157	sp|P08238|HS90B_HUMAN	95.2	21	1	0	63	1	607	627	2.48e-08	42.0
SRR1039512.259498	sp|P08238|HS90B_HUMAN	100	20	0	0	61	2	134	153	6.73e-09	43.5
SRR1039512.9227579	sp|P51532|SMCA4_HUMAN	83.3	18	3	0	56	3	1146	1163	5.91e-05	32.3
SRR1039512.5782681	sp|P08238|HS90B_HUMAN	100	21	0	0	63	1	146	166	1.66e-10	48.1
SRR1039512.7179039	tr|W1PJ14|W1PJ14_AMBTC	73.7	19	5	0	62	6	492	510	1.25e-05	34.3
SRR1039512.18978063	sp|P51531|SMCA2_HUMAN	100	21	0	0	63	1	380	400	6.26e-08	40.8
SRR1039512.8786476	sp|P51532|SMCA4_HUMAN	100	21	0	0	63	1	1167	1187	6.38e-11	49.3
SRR1039512.16744468	tr|A0A670JPT3|A0A670JPT3_PODMU	90.0	20	2	0	62	3	138	157	4.07e-10	47.0
SRR1039512.15119371	sp|Q9NRY4|RHG35_HUMAN	90.5	21	2	0	1	63	99	119	9.56e-09	43.1
SRR1039512.17372237	tr|W1PJ14|W1PJ14_AMBTC	88.2	17	2	0	11	61	528	544	1.39e-06	37.0
SRR1039512.15321706	sp|P08238|HS90B_HUMAN	100	21	0	0	63	1	106	126	6.35e-08	40.8
SRR1039512.16141016	sp|P08238|HS90B_HUMAN	95.0	20	1	0	3	62	605	624	1.54e-07	39.7
SRR1039512.924191	sp|P08238|HS90B_HUMAN	90.0	20	2	0	3	62	626	645	2.88e-07	38.9
SRR1039512.18141350	sp|B2RWS6|EP300_MOUSE	90.0	20	2	0	2	61	218	237	9.95e-07	37.4
SRR1039512.21469735	sp|P08238|HS90B_HUMAN	95.2	21	1	0	63	1	669	689	1.48e-09	45.4
SRR1039512.16580052	sp|P08238|HS90B_HUMAN	95.2	21	1	0	63	1	396	416	8.68e-08	40.4
SRR1039512.14853956	sp|B2RWS6|EP300_MOUSE	100	20	0	0	3	62	2042	2061	3.16e-08	41.6
SRR1039512.1706809	sp|P51531|SMCA2_HUMAN	100	20	0	0	61	2	1080	1099	2.59e-09	44.7
SRR1039512.828049	sp|P08238|HS90B_HUMAN	100	20	0	0	3	62	283	302	1.57e-10	48.1
SRR1039512.1529291	tr|W1PJ14|W1PJ14_AMBTC	70.0	20	6	0	62	3	466	485	6.67e-06	35.0
SRR1039512.19038122	sp|P51532|SMCA4_HUMAN	100	20	0	0	61	2	59	78	3.96e-10	47.0
SRR1039512.23356886	sp|P40763|STAT3_HUMAN	100	21	0	0	63	1	231	251	1.08e-09	45.8
SRR1039512.1246185	sp|Q925J9|MED1_MOUSE	95.0	20	1	0	62	3	373	392	7.41e-10	46.2
SRR1039512.23662695	tr|W1PJ14|W1PJ14_AMBTC	73.7	19	5	0	5	61	492	510	1.25e-05	34.3
SRR1039512.12930566	sp|P08238|HS90B_HUMAN	75.0	20	5	0	63	4	591	610	2.73e-06	36.2
SRR1039512.21900351	tr|W1PJ14|W1PJ14_AMBTC	52.4	21	10	0	1	63	500	520	6.34e-05	32.3
SRR1039512.23389628	sp|P51532|SMCA4_HUMAN	75.0	20	5	0	2	61	761	780	7.29e-07	37.7
SRR1039512.24487503	sp|P08238|HS90B_HUMAN	100	20	0	0	3	62	592	611	3.60e-09	44.3
SRR1039512.14025053	sp|Q925J9|MED1_MOUSE	85.0	20	3	0	3	62	681	700	1.23e-05	34.3
SRR1039512.7801823	sp|P08238|HS90B_HUMAN	95.0	20	1	0	2	61	390	409	2.59e-06	36.2
SRR1039512.21816014	sp|Q96H86|ZN764_HUMAN	100	18	0	0	54	1	164	181	1.24e-10	48.5
SRR1039512.28077668	tr|A0A670JPT3|A0A670JPT3_PODMU	100	20	0	0	62	3	294	313	2.38e-08	42.0
SRR1039512.24360661	sp|P08238|HS90B_HUMAN	100	20	0	0	2	61	611	630	5.50e-10	46.6
SRR1039512.19472870	sp|P01116|RASK_HUMAN	75.0	20	5	0	3	62	90	109	1.26e-05	34.3
SRR1039512.11395767	sp|Q9NRY4|RHG35_HUMAN	100	20	0	0	61	2	610	629	1.90e-09	45.1
SRR1039512.3643657	sp|P08238|HS90B_HUMAN	84.2	19	3	0	2	58	560	578	1.38e-06	37.0
SRR1039512.10606237	sp|P16220|CREB1_HUMAN	75.0	20	5	0	2	61	227	246	1.75e-05	33.9
SRR1039512.9011795	sp|P40763|STAT3_HUMAN	100	21	0	0	1	63	275	295	1.19e-07	40.0
SRR1039512.5709590	sp|P08238|HS90B_HUMAN	100	20	0	0	62	3	532	551	1.01e-06	37.4
SRR1039512.9708725	sp|P08238|HS90B_HUMAN	100	21	0	0	1	63	630	650	3.79e-09	44.3
SRR1039512.23404804	tr|W1PJ14|W1PJ14_AMBTC	85.7	21	3	0	63	1	538	558	8.72e-08	40.4
SRR1039512.5220302	sp|P08238|HS90B_HUMAN	100	21	0	0	63	1	167	187	1.66e-10	48.1
SRR1039512.13367464	sp|B2RWS6|EP300_MOUSE	81.0	21	4	0	1	63	1769	1789	1.30e-08	42.7
SRR1039512.21280815	sp|P08238|HS90B_HUMAN	81.0	21	4	0	63	1	548	568	1.62e-04	31.2
SRR1039512.10834968	sp|B2RWS6|EP300_MOUSE	90.0	20	2	0	61	2	213	232	5.92e-08	40.8
SRR1039512.551705	sp|P08238|HS90B_HUMAN	85.0	20	3	0	62	3	58	77	5.40e-07	38.1
SRR1039512.23833238	sp|P08238|HS90B_HUMAN	85.0	20	3	0	3	62	76	95	7.39e-07	37.7
SRR1039512.18714296	tr|W1PJ14|W1PJ14_AMBTC	89.5	19	2	0	58	2	542	560	2.36e-08	42.0
SRR1039512.5396049	sp|P08238|HS90B_HUMAN	100	20	0	0	62	3	615	634	2.15e-10	47.8
SRR1039512.7774740	sp|P42345|MTOR_HUMAN	100	20	0	0	61	2	491	510	9.03e-09	43.1
SRR1039512.1958366	sp|P08238|HS90B_HUMAN	95.2	21	1	0	63	1	85	105	1.32e-08	42.7
SRR1039512.22185246	sp|P08238|HS90B_HUMAN	95.2	21	1	0	63	1	31	51	1.32e-08	42.7
SRR1039512.2035047	sp|P08238|HS90B_HUMAN	100	21	0	0	63	1	313	333	1.08e-09	45.8
SRR1039512.8559298	sp|P08238|HS90B_HUMAN	100	20	0	0	60	1	272	291	2.77e-09	44.7
SRR1039512.5494231	tr|A0AA88PK51|A0AA88PK51_9TELE	63.2	19	7	0	59	3	991	1009	1.52e-04	31.2
SRR1039512.9261074	tr|A0A8D0DM74|A0A8D0DM74_SALMN	66.7	18	6	0	61	8	71	88	2.92e-04	30.4
SRR1039512.18606798	sp|Q15788|NCOA1_HUMAN	90.5	21	2	0	63	1	1040	1060	7.71e-07	37.7
SRR1039512.12799591	sp|Q9NRY4|RHG35_HUMAN	100	20	0	0	2	61	1205	1224	3.55e-09	44.3
SRR1039512.3532367	sp|P51532|SMCA4_HUMAN	76.2	21	5	0	63	1	1154	1174	7.70e-07	37.7
SRR1039512.20149356	sp|P09471|GNAO_HUMAN	63.2	19	7	0	2	58	170	188	5.50e-04	29.6
SRR1039512.5574528	sp|P09471|GNAO_HUMAN	78.9	19	4	0	5	61	335	353	1.04e-06	37.4
SRR1039512.16972222	sp|P08238|HS90B_HUMAN	100	20	0	0	2	61	556	575	4.40e-08	41.2
SRR1039512.1400426	tr|W1PJ14|W1PJ14_AMBTC	60.0	20	8	0	61	2	468	487	2.11e-04	30.8
SRR1039512.26022899	sp|P09471|GNAO_HUMAN	70.0	20	6	0	3	62	4	23	7.53e-04	29.3
SRR1039512.23497111	sp|P08238|HS90B_HUMAN	64.7	17	6	0	12	62	88	104	7.39e-04	29.3
SRR1039512.23848034	sp|P08238|HS90B_HUMAN	75.0	20	5	0	61	2	496	515	3.54e-06	35.8
SRR1039512.8229539	sp|P08238|HS90B_HUMAN	100	21	0	0	1	63	375	395	2.02e-09	45.1
SRR1039512.5634236	sp|P08238|HS90B_HUMAN	100	20	0	0	61	2	54	73	3.60e-09	44.3
SRR1039512.11924611	tr|A0A480LKS3|A0A480LKS3_PIG	100	20	0	0	61	2	100	119	9.48e-09	43.1
SRR1039512.13365846	sp|P20815|CP3A5_HUMAN	95.2	21	1	0	1	63	148	168	1.83e-08	42.4
SRR1039512.15234185	sp|P51532|SMCA4_HUMAN	100	20	0	0	62	3	1056	1075	5.42e-10	46.6
SRR1039512.2320331	sp|P08238|HS90B_HUMAN	90.5	21	2	0	63	1	54	74	1.81e-08	42.4
SRR1039512.4575547	sp|Q92993|KAT5_HUMAN	100	21	0	0	63	1	163	183	6.41e-08	40.8
SRR1039512.5088108	sp|P01116|RASK_HUMAN	80.0	15	3	0	18	62	1	15	2.19e-04	30.8
SRR1039512.22701596	sp|P08238|HS90B_HUMAN	90.5	21	2	0	63	1	526	546	6.35e-08	40.8
SRR1039512.8963450	sp|P51532|SMCA4_HUMAN	100	20	0	0	1	60	855	874	1.79e-08	42.4
SRR1039512.22624213	sp|P51532|SMCA4_HUMAN	100	21	0	0	63	1	486	506	5.11e-09	43.9
SRR1039512.4611842	sp|P08238|HS90B_HUMAN	66.7	21	7	0	1	63	499	519	4.16e-07	38.5
SRR1039512.20809194	sp|P42345|MTOR_HUMAN	100	21	0	0	63	1	2231	2251	1.82e-11	50.8
SRR1039512.27445352	sp|B2RWS6|EP300_MOUSE	100	20	0	0	61	2	1236	1255	2.36e-11	50.4
SRR1039512.17594956	sp|P51531|SMCA2_HUMAN	100	17	0	0	57	7	662	678	6.93e-06	35.0
SRR1039512.14692289	sp|Q9NRY4|RHG35_HUMAN	95.0	20	1	0	3	62	61	80	5.42e-10	46.6
SRR1039512.5959480	sp|P08238|HS90B_HUMAN	85.0	20	3	0	2	61	77	96	5.40e-07	38.1
SRR1039512.16270340	sp|P09471|GNAO_HUMAN	65.0	20	7	0	3	62	65	84	2.14e-04	30.8
SRR1039512.1220719	sp|P42345|MTOR_HUMAN	100	21	0	0	63	1	287	307	1.33e-11	51.2
SRR1039512.3251114	sp|P08238|HS90B_HUMAN	95.0	20	1	0	61	2	603	622	6.02e-08	40.8
SRR1039512.10333620	sp|P08238|HS90B_HUMAN	75.0	20	5	0	62	3	555	574	8.18e-05	32.0
SRR1039512.14539073	sp|P40763|STAT3_HUMAN	100	20	0	0	61	2	563	582	5.49e-10	46.6
SRR1039512.12126402	sp|P51531|SMCA2_HUMAN	100	20	0	0	61	2	1117	1136	1.24e-08	42.7
SRR1039512.5452564	sp|P08238|HS90B_HUMAN	100	20	0	0	62	3	314	333	3.60e-09	44.3
SRR1039512.226104	sp|P08238|HS90B_HUMAN	100	21	0	0	1	63	65	85	1.08e-09	45.8
SRR1039512.17916535	sp|P28704|RXRB_MOUSE	90.0	20	2	0	62	3	71	90	6.70e-06	35.0
SRR1039512.2002588	tr|A8QZ77|A8QZ77_MAIZE	75.0	20	5	0	2	61	120	139	1.65e-08	42.0
SRR1039512.8546280	sp|P08238|HS90B_HUMAN	100	20	0	0	2	61	8	27	1.54e-07	39.7
SRR1039512.15441244	sp|Q15788|NCOA1_HUMAN	100	21	0	0	63	1	980	1000	1.46e-09	45.4
SRR1039512.3183298	sp|P51531|SMCA2_HUMAN	94.7	19	1	0	57	1	490	508	9.49e-06	34.7
SRR1039512.17937721	tr|A0AA88PK51|A0AA88PK51_9TELE	80.0	20	4	0	3	62	1018	1037	1.00e-06	37.4
SRR1039512.22187801	sp|P08238|HS90B_HUMAN	90.5	21	2	0	63	1	54	74	1.81e-08	42.4
SRR1039512.3784495	sp|P08238|HS90B_HUMAN	90.5	21	2	0	63	1	522	542	4.16e-07	38.5
SRR1039512.22975393	sp|P08238|HS90B_HUMAN	100	20	0	0	61	2	378	397	1.26e-08	42.7
SRR1039512.26459060	sp|P08238|HS90B_HUMAN	100	21	0	0	1	63	310	330	2.54e-11	50.4
SRR1039512.16040894	sp|P42345|MTOR_HUMAN	100	20	0	0	2	61	296	315	4.95e-12	52.4
SRR1039512.11432680	sp|P08238|HS90B_HUMAN	71.4	21	6	0	63	1	369	389	8.68e-08	40.4
SRR1039512.19169248	sp|P42345|MTOR_HUMAN	95.0	20	1	0	3	62	906	925	8.95e-06	34.7
SRR1039512.25919610	sp|O43889|CREB3_HUMAN	100	20	0	0	3	62	193	212	5.52e-07	38.1
SRR1039512.6005961	sp|B2RWS6|EP300_MOUSE	95.2	21	1	0	63	1	1285	1305	2.44e-08	42.0
SRR1039512.13272899	tr|A0A8I3NIH7|A0A8I3NIH7_CANLF	100	21	0	0	1	63	521	541	3.81e-09	44.3
SRR1039512.4985421	sp|P08238|HS90B_HUMAN	100	21	0	0	63	1	658	678	5.18e-09	43.9
SRR1039512.21305128	sp|P08238|HS90B_HUMAN	100	20	0	0	2	61	546	565	1.89e-06	36.6
SRR1039512.25484674	tr|A8QZ73|A8QZ73_MAIZE	75.0	20	5	0	61	2	103	122	1.23e-07	39.7
SRR1039512.6319465	sp|Q9NRY4|RHG35_HUMAN	100	20	0	0	61	2	1349	1368	1.24e-08	42.7
SRR1039512.17498881	sp|P40763|STAT3_HUMAN	100	20	0	0	3	62	720	739	1.40e-09	45.4
SRR1039512.5508305	sp|Q96H86|ZN764_HUMAN	85.0	20	3	0	1	60	90	109	1.08e-06	37.4
SRR1039512.10657407	sp|P51532|SMCA4_HUMAN	100	20	0	0	61	2	1121	1140	3.54e-09	44.3
SRR1039512.22225186	sp|P08238|HS90B_HUMAN	100	20	0	0	2	61	55	74	1.72e-08	42.4
SRR1039512.6293649	sp|Q9NRY4|RHG35_HUMAN	100	20	0	0	62	3	801	820	1.39e-09	45.4
SRR1039512.17055037	sp|P08238|HS90B_HUMAN	90.5	21	2	0	63	1	674	694	1.48e-09	45.4
SRR1039512.237640	sp|P08238|HS90B_HUMAN	95.0	20	1	0	2	61	342	361	4.40e-08	41.2
SRR1039512.15243625	sp|P51532|SMCA4_HUMAN	100	21	0	0	63	1	904	924	1.07e-09	45.8
SRR1039512.19915689	sp|P08238|HS90B_HUMAN	100	20	0	0	61	2	199	218	1.41e-09	45.4
SRR1039512.3057837	sp|P51532|SMCA4_HUMAN	100	14	0	0	44	3	1599	1612	2.08e-04	30.8
SRR1039512.28112430	tr|A0A480LKS3|A0A480LKS3_PIG	100	20	0	0	2	61	159	178	1.59e-07	39.7
SRR1039512.732698	sp|P08238|HS90B_HUMAN	100	19	0	0	57	1	272	290	9.69e-09	43.1
SRR1039512.22481012	tr|W1PJ14|W1PJ14_AMBTC	90.0	20	2	0	61	2	530	549	4.94e-09	43.9
SRR1039512.20153694	sp|P51531|SMCA2_HUMAN	100	16	0	0	1	48	540	555	5.06e-06	35.4
SRR1039512.27081221	sp|Q61026|NCOA2_MOUSE	90.0	20	2	0	2	61	1005	1024	4.85e-09	43.9
SRR1039512.7361281	sp|P51532|SMCA4_HUMAN	100	20	0	0	2	61	1345	1364	3.17e-08	41.6
SRR1039512.21534458	sp|P08238|HS90B_HUMAN	90.5	21	2	0	1	63	41	61	1.07e-06	37.4
SRR1039512.24597768	sp|P08238|HS90B_HUMAN	95.2	21	1	0	63	1	175	195	3.79e-09	44.3
SRR1039512.2485122	sp|P08238|HS90B_HUMAN	95.2	21	1	0	1	63	33	53	1.81e-08	42.4
SRR1039512.13437845	sp|P40763|STAT3_HUMAN	66.7	21	7	0	63	1	513	533	1.62e-04	31.2
SRR1039512.11778382	tr|A0A480LKS3|A0A480LKS3_PIG	100	20	0	0	3	62	97	116	3.32e-08	41.6
SRR1039512.21780826	sp|P09471|GNAO_HUMAN	76.2	21	5	0	63	1	285	305	3.47e-08	41.6
SRR1039512.14542396	sp|P08238|HS90B_HUMAN	81.0	21	4	0	63	1	548	568	1.62e-04	31.2
SRR1039512.20602168	sp|P08238|HS90B_HUMAN	100	21	0	0	1	63	588	608	1.86e-11	50.8
SRR1039512.20314363	sp|P08238|HS90B_HUMAN	100	20	0	0	2	61	658	677	9.20e-09	43.1
SRR1039512.26680449	sp|P42345|MTOR_HUMAN	100	21	0	0	63	1	1589	1609	1.78e-08	42.4
SRR1039512.13412541	sp|P08238|HS90B_HUMAN	100	20	0	0	1	60	36	55	6.35e-08	40.8
SRR1039512.16017091	sp|P08238|HS90B_HUMAN	95.0	20	1	0	3	62	317	336	6.73e-09	43.5
SRR1039512.18448446	sp|P08238|HS90B_HUMAN	85.0	20	3	0	3	62	649	668	2.59e-06	36.2
SRR1039512.17897773	sp|P08238|HS90B_HUMAN	100	21	0	0	1	63	439	459	2.02e-09	45.1
SRR1039512.21512639	sp|P08238|HS90B_HUMAN	95.2	21	1	0	63	1	173	193	5.79e-10	46.6
SRR1039512.16367650	sp|P08238|HS90B_HUMAN	100	20	0	0	62	3	374	393	6.73e-09	43.5
SRR1039512.4173724	sp|Q9NRY4|RHG35_HUMAN	100	20	0	0	2	61	1004	1023	4.35e-08	41.2
SRR1039512.3788238	sp|P08238|HS90B_HUMAN	95.0	20	1	0	61	2	521	540	1.26e-08	42.7
