SRR1039508.106918	sp|O35973|PER1_MOUSE	100	21	0	0	63	1	360	380	8.76e-11	48.9
SRR1039508.209984	sp|O35973|PER1_MOUSE	100	18	0	0	56	3	771	788	8.15e-08	40.4
SRR1039508.589773	sp|O35973|PER1_MOUSE	100	21	0	0	1	63	689	709	5.12e-09	43.9
SRR1039508.606490	sp|O35973|PER1_MOUSE	100	20	0	0	61	2	69	88	1.23e-05	34.3
SRR1039508.734843	sp|O35973|PER1_MOUSE	95.0	20	1	0	3	62	243	262	2.60e-09	44.7
SRR1039508.1099746	sp|O35973|PER1_MOUSE	95.2	21	1	0	1	63	1183	1203	1.20e-10	48.5
SRR1039508.1102445	sp|O35973|PER1_MOUSE	100	13	0	0	25	63	771	783	4.14e-04	30.0
SRR1039508.1504350	sp|O35973|PER1_MOUSE	95.0	20	1	0	2	61	475	494	4.35e-08	41.2
SRR1039508.1619008	sp|O35973|PER1_MOUSE	95.0	20	1	0	62	3	240	259	1.24e-08	42.7
SRR1039508.1753648	sp|O35973|PER1_MOUSE	95.0	20	1	0	62	3	181	200	1.14e-10	48.5
SRR1039508.1765782	sp|O35973|PER1_MOUSE	95.2	21	1	0	63	1	260	280	4.69e-11	49.7
SRR1039508.2846999	sp|O35973|PER1_MOUSE	90.0	20	2	0	62	3	1138	1157	2.56e-06	36.2
SRR1039508.3029756	sp|O35973|PER1_MOUSE	100	20	0	0	62	3	429	448	1.27e-11	51.2
SRR1039508.3114255	sp|O35973|PER1_MOUSE	100	21	0	0	1	63	75	95	6.94e-06	35.0
SRR1039508.3186860	sp|O35973|PER1_MOUSE	100	20	0	0	2	61	406	425	1.39e-09	45.4
SRR1039508.3239450	sp|O35973|PER1_MOUSE	100	20	0	0	3	62	92	111	9.00e-06	34.7
SRR1039508.3296259	tr|W1PJ14|W1PJ14_AMBTC	88.2	17	2	0	12	62	528	544	1.39e-06	37.0
SRR1039508.3428881	sp|O35973|PER1_MOUSE	95.0	20	1	0	3	62	243	262	2.60e-09	44.7
SRR1039508.3603834	sp|O35973|PER1_MOUSE	100	20	0	0	61	2	454	473	1.02e-09	45.8
SRR1039508.3796121	sp|O35973|PER1_MOUSE	95.0	20	1	0	3	62	192	211	1.24e-08	42.7
SRR1039508.3842570	sp|O35973|PER1_MOUSE	100	20	0	0	3	62	422	441	2.38e-11	50.4
SRR1039508.3917203	sp|O35973|PER1_MOUSE	93.3	15	1	0	1	45	639	653	4.57e-05	32.7
SRR1039508.4329900	sp|O35973|PER1_MOUSE	100	15	0	0	62	18	943	957	5.35e-04	29.6
SRR1039508.4727414	sp|O35973|PER1_MOUSE	95.0	20	1	0	62	3	243	262	2.60e-09	44.7
SRR1039508.4791859	sp|O35973|PER1_MOUSE	100	20	0	0	2	61	85	104	1.52e-04	31.2
SRR1039508.4887787	sp|O35973|PER1_MOUSE	95.2	21	1	0	63	1	226	246	5.12e-09	43.9
SRR1039508.4909942	sp|O35973|PER1_MOUSE	95.0	20	1	0	62	3	625	644	7.43e-10	46.2
SRR1039508.5245653	sp|O35973|PER1_MOUSE	100	21	0	0	1	63	1159	1179	1.45e-06	37.0
SRR1039508.5533109	sp|O35973|PER1_MOUSE	100	16	0	0	2	49	38	53	8.11e-05	32.0
SRR1039508.5670893	sp|O35973|PER1_MOUSE	95.0	20	1	0	61	2	1020	1039	6.58e-06	35.0
SRR1039508.5703628	sp|O35973|PER1_MOUSE	95.0	20	1	0	61	2	369	388	4.86e-09	43.9
SRR1039508.5740268	sp|O35973|PER1_MOUSE	95.0	20	1	0	3	62	788	807	1.11e-07	40.0
SRR1039508.5924800	sp|P43354|NR4A2_HUMAN	95.0	20	1	0	3	62	323	342	2.37e-08	42.0
SRR1039508.5929389	sp|O35973|PER1_MOUSE	95.0	20	1	0	61	2	369	388	4.86e-09	43.9
SRR1039508.5940404	sp|O35973|PER1_MOUSE	100	20	0	0	2	61	722	741	7.43e-10	46.2
SRR1039508.5977176	sp|O35973|PER1_MOUSE	89.5	19	2	0	62	6	866	884	6.58e-06	35.0
SRR1039508.6112922	sp|O35973|PER1_MOUSE	100	20	0	0	2	61	390	409	3.98e-10	47.0
SRR1039508.6643335	sp|O35973|PER1_MOUSE	95.0	20	1	0	3	62	1211	1230	2.60e-09	44.7
SRR1039508.6680587	sp|O35973|PER1_MOUSE	81.0	21	4	0	63	1	985	1005	1.30e-05	34.3
SRR1039508.7233591	sp|P43354|NR4A2_HUMAN	95.0	20	1	0	62	3	321	340	3.24e-08	41.6
SRR1039508.7442069	sp|O35973|PER1_MOUSE	94.1	17	1	0	3	53	941	957	2.08e-04	30.8
SRR1039508.7827230	sp|O35973|PER1_MOUSE	95.0	20	1	0	62	3	781	800	3.18e-08	41.6
SRR1039508.7842961	sp|O35973|PER1_MOUSE	100	21	0	0	63	1	700	720	4.12e-07	38.5
SRR1039508.8158678	sp|O35973|PER1_MOUSE	100	21	0	0	1	63	166	186	1.46e-09	45.4
SRR1039508.8185275	sp|O35973|PER1_MOUSE	100	21	0	0	63	1	107	127	2.20e-07	39.3
SRR1039508.8206242	sp|O35973|PER1_MOUSE	100	21	0	0	63	1	1130	1150	7.83e-10	46.2
SRR1039508.8274643	sp|O35973|PER1_MOUSE	95.0	20	1	0	2	61	475	494	4.35e-08	41.2
SRR1039508.8384936	sp|O35973|PER1_MOUSE	100	20	0	0	61	2	520	539	1.53e-07	39.7
SRR1039508.8627497	sp|O35973|PER1_MOUSE	95.2	21	1	0	63	1	242	262	2.74e-09	44.7
SRR1039508.8760971	sp|O35973|PER1_MOUSE	100	21	0	0	63	1	713	733	3.36e-08	41.6
SRR1039508.9156891	sp|O35973|PER1_MOUSE	100	20	0	0	62	3	106	125	5.96e-08	40.8
SRR1039508.9276532	sp|O35973|PER1_MOUSE	95.0	20	1	0	61	2	1213	1232	1.70e-08	42.4
SRR1039508.9384601	sp|O35973|PER1_MOUSE	100	20	0	0	61	2	464	483	9.09e-09	43.1
SRR1039508.9528997	sp|O35973|PER1_MOUSE	94.1	17	1	0	1	51	876	892	7.72e-07	37.7
SRR1039508.9725520	sp|O35973|PER1_MOUSE	100	20	0	0	61	2	89	108	4.33e-05	32.7
SRR1039508.9987399	sp|O35973|PER1_MOUSE	90.0	20	2	0	63	4	579	598	1.79e-08	42.4
SRR1039508.9995073	sp|O35973|PER1_MOUSE	100	20	0	0	61	2	383	402	2.13e-10	47.8
SRR1039508.10056553	sp|O35973|PER1_MOUSE	100	21	0	0	1	63	111	131	6.94e-06	35.0
SRR1039508.10120305	sp|O35973|PER1_MOUSE	100	20	0	0	62	3	1168	1187	2.60e-09	44.7
SRR1039508.10442956	sp|O35973|PER1_MOUSE	90.5	21	2	0	63	1	1208	1228	3.74e-09	44.3
SRR1039508.10595426	sp|O35973|PER1_MOUSE	90.5	21	2	0	1	63	17	37	2.00e-09	45.1
SRR1039508.10935393	sp|O35973|PER1_MOUSE	92.9	14	1	0	63	22	640	653	7.76e-04	29.3
SRR1039508.11010411	sp|O35973|PER1_MOUSE	100	20	0	0	60	1	1153	1172	2.20e-07	39.3
SRR1039508.11711014	sp|O35973|PER1_MOUSE	100	20	0	0	62	3	1027	1046	5.34e-07	38.1
SRR1039508.11905959	sp|O35973|PER1_MOUSE	100	20	0	0	62	3	535	554	1.56e-10	48.1
SRR1039508.12040710	sp|O35973|PER1_MOUSE	90.5	21	2	0	1	63	1136	1156	1.61e-07	39.7
SRR1039508.12159298	sp|O35973|PER1_MOUSE	100	21	0	0	1	63	524	544	1.61e-07	39.7
SRR1039508.12399762	sp|P43354|NR4A2_HUMAN	85.0	20	3	0	3	62	563	582	7.42e-07	37.7
SRR1039508.12429087	sp|O35973|PER1_MOUSE	81.0	21	4	0	63	1	560	580	1.78e-05	33.9
SRR1039508.12505325	sp|O35973|PER1_MOUSE	95.2	21	1	0	63	1	630	650	4.19e-10	47.0
SRR1039508.12659561	sp|O35973|PER1_MOUSE	100	21	0	0	1	63	134	154	3.36e-08	41.6
SRR1039508.13371764	sp|O35973|PER1_MOUSE	95.0	20	1	0	2	61	260	279	2.13e-10	47.8
SRR1039508.13876872	sp|O35973|PER1_MOUSE	95.0	20	1	0	3	62	1	20	5.96e-08	40.8
SRR1039508.13968777	sp|O35973|PER1_MOUSE	100	20	0	0	2	61	522	541	5.34e-07	38.1
SRR1039508.14321591	sp|O35973|PER1_MOUSE	88.9	18	2	0	55	2	906	923	2.08e-04	30.8
SRR1039508.14458968	sp|O35973|PER1_MOUSE	100	16	0	0	2	49	38	53	8.11e-05	32.0
SRR1039508.14702569	sp|O35973|PER1_MOUSE	100	20	0	0	61	2	727	746	3.55e-09	44.3
SRR1039508.14737875	sp|O35973|PER1_MOUSE	90.0	20	2	0	61	2	273	292	1.24e-08	42.7
SRR1039508.14872308	sp|O35973|PER1_MOUSE	100	20	0	0	2	61	332	351	2.91e-10	47.4
SRR1039508.14997852	sp|O35973|PER1_MOUSE	90.0	20	2	0	61	2	379	398	1.53e-07	39.7
SRR1039508.15483177	sp|O35973|PER1_MOUSE	100	20	0	0	2	61	724	743	1.90e-09	45.1
SRR1039508.15967094	sp|O35973|PER1_MOUSE	95.2	21	1	0	1	63	1117	1137	2.00e-09	45.1
SRR1039508.15978329	sp|O35973|PER1_MOUSE	95.0	20	1	0	62	3	494	513	4.86e-09	43.9
SRR1039508.15983019	sp|O35973|PER1_MOUSE	95.0	20	1	0	2	61	783	802	1.70e-08	42.4
SRR1039508.16169025	sp|O35973|PER1_MOUSE	100	20	0	0	3	62	966	985	1.02e-09	45.8
SRR1039508.16377252	sp|P43354|NR4A2_HUMAN	78.9	19	4	0	61	5	520	538	3.20e-05	33.1
SRR1039508.16632036	sp|O35973|PER1_MOUSE	100	20	0	0	4	63	69	88	1.30e-05	34.3
SRR1039508.16685225	sp|O35973|PER1_MOUSE	100	20	0	0	61	2	1168	1187	2.60e-09	44.7
SRR1039508.16792730	sp|O35973|PER1_MOUSE	100	20	0	0	62	3	688	707	1.70e-08	42.4
SRR1039508.16890469	sp|O35973|PER1_MOUSE	95.0	20	1	0	62	3	552	571	3.55e-09	44.3
SRR1039508.17000721	sp|O35973|PER1_MOUSE	90.5	21	2	0	63	1	1149	1169	3.71e-06	35.8
SRR1039508.17182960	sp|O35973|PER1_MOUSE	85.7	21	3	0	1	63	1195	1215	7.01e-09	43.5
SRR1039508.17766438	sp|O35973|PER1_MOUSE	100	17	0	0	62	12	1219	1235	7.31e-07	37.7
SRR1039508.17812574	sp|O35973|PER1_MOUSE	95.0	20	1	0	2	61	697	716	1.87e-06	36.6
SRR1039508.18278312	sp|O35973|PER1_MOUSE	100	21	0	0	1	63	1129	1149	7.83e-10	46.2
SRR1039508.18484177	sp|O35973|PER1_MOUSE	100	19	0	0	3	59	1217	1235	4.86e-09	43.9
SRR1039508.18660012	sp|O35973|PER1_MOUSE	100	21	0	0	63	1	409	429	1.83e-11	50.8
SRR1039508.18808233	sp|P43354|NR4A2_HUMAN	90.0	20	2	0	61	2	512	531	1.55e-07	39.7
SRR1039508.19007573	sp|P43354|NR4A2_HUMAN	90.0	20	2	0	61	2	573	592	2.12e-07	39.3
SRR1039508.19160094	sp|P43354|NR4A2_HUMAN	66.7	21	7	0	63	1	456	476	4.18e-07	38.5
SRR1039508.20378201	sp|O35973|PER1_MOUSE	95.0	20	1	0	61	2	231	250	3.18e-08	41.6
SRR1039508.20609968	sp|O35973|PER1_MOUSE	100	21	0	0	63	1	549	569	3.06e-10	47.4
SRR1039508.21009116	sp|O35973|PER1_MOUSE	100	21	0	0	63	1	548	568	4.19e-10	47.0
SRR1039508.21041575	sp|P43354|NR4A2_HUMAN	70.0	20	6	0	2	61	413	432	2.90e-07	38.9
SRR1039508.21177610	sp|O35973|PER1_MOUSE	90.5	21	2	0	63	1	1135	1155	4.59e-08	41.2
SRR1039508.21325288	sp|O35973|PER1_MOUSE	100	21	0	0	1	63	74	94	6.94e-06	35.0
SRR1039508.21651327	sp|O35973|PER1_MOUSE	95.0	20	1	0	61	2	472	491	1.53e-07	39.7
SRR1039508.21717621	sp|O35973|PER1_MOUSE	100	20	0	0	61	2	369	388	1.90e-09	45.1
SRR1039508.21871759	sp|O35973|PER1_MOUSE	100	21	0	0	1	63	347	367	3.43e-11	50.1
SRR1039508.21969295	sp|O35973|PER1_MOUSE	100	16	0	0	48	1	963	978	5.64e-07	38.1
SRR1039508.22327809	sp|O35973|PER1_MOUSE	95.2	21	1	0	1	63	1187	1207	2.74e-09	44.7
SRR1039508.22599795	sp|O35973|PER1_MOUSE	90.0	20	2	0	3	62	1139	1158	1.00e-06	37.4
SRR1039508.20456278	sp|P08238|HS90B_HUMAN	85.0	20	3	0	61	2	619	638	8.24e-08	40.4
SRR1039508.17724648	sp|P40763|STAT3_HUMAN	100	21	0	0	1	63	129	149	7.07e-09	43.5
SRR1039508.15250302	sp|O43889|CREB3_HUMAN	100	20	0	0	3	62	139	158	5.52e-07	38.1
SRR1039508.2833519	sp|P08238|HS90B_HUMAN	68.4	19	6	0	57	1	701	719	3.04e-04	30.4
SRR1039508.1638205	sp|Q92993|KAT5_HUMAN	100	20	0	0	61	2	408	427	6.80e-09	43.5
SRR1039508.17498266	sp|P09471|GNAO_HUMAN	66.7	21	7	0	1	63	195	215	8.89e-08	40.4
SRR1039508.8375645	sp|P08238|HS90B_HUMAN	100	20	0	0	62	3	98	117	2.35e-08	42.0
SRR1039508.18142478	sp|P28704|RXRB_MOUSE	100	21	0	0	63	1	172	192	1.00e-11	51.6
SRR1039508.9250513	tr|W1PJ14|W1PJ14_AMBTC	60.0	20	8	0	61	2	468	487	2.11e-04	30.8
SRR1039508.21447203	sp|P08238|HS90B_HUMAN	75.0	20	5	0	2	61	474	493	1.70e-05	33.9
SRR1039508.6786346	sp|P08238|HS90B_HUMAN	100	17	0	0	61	11	708	724	5.40e-07	38.1
SRR1039508.18464774	sp|P08238|HS90B_HUMAN	100	20	0	0	62	3	54	73	3.60e-09	44.3
SRR1039508.4777561	tr|W1PJ14|W1PJ14_AMBTC	70.0	20	6	0	60	1	466	485	9.63e-06	34.7
SRR1039508.9683644	sp|P08238|HS90B_HUMAN	100	21	0	0	63	1	48	68	5.18e-09	43.9
SRR1039508.7375539	sp|P40763|STAT3_HUMAN	76.2	21	5	0	1	63	14	34	8.67e-08	40.4
SRR1039508.16511168	sp|P08238|HS90B_HUMAN	100	17	0	0	3	53	39	55	4.85e-06	35.4
SRR1039508.484540	sp|P08238|HS90B_HUMAN	95.2	21	1	0	1	63	320	340	5.79e-10	46.6
SRR1039508.2967346	sp|P51532|SMCA4_HUMAN	100	20	0	0	3	62	1376	1395	3.54e-09	44.3
SRR1039508.10529322	sp|P51532|SMCA4_HUMAN	80.0	20	4	0	3	62	1173	1192	8.12e-08	40.4
SRR1039508.13470963	sp|P09471|GNAO_HUMAN	85.0	20	3	0	2	61	185	204	1.29e-08	42.7
SRR1039508.3375531	tr|A0A480LKS3|A0A480LKS3_PIG	95.0	20	1	0	62	3	28	47	1.04e-06	37.4
SRR1039508.10852226	sp|P51531|SMCA2_HUMAN	100	20	0	0	61	2	866	885	1.90e-09	45.1
SRR1039508.16891385	tr|W1PJ14|W1PJ14_AMBTC	57.9	19	8	0	3	59	472	490	6.00e-05	32.3
SRR1039508.20810653	sp|Q9UKL3|C8AP2_HUMAN	100	21	0	0	63	1	1799	1819	3.34e-08	41.6
SRR1039508.14246740	sp|P08238|HS90B_HUMAN	82.4	17	3	0	11	61	124	140	3.19e-05	33.1
SRR1039508.7167306	sp|P08238|HS90B_HUMAN	100	20	0	0	3	62	511	530	1.15e-10	48.5
SRR1039508.20581713	sp|P08238|HS90B_HUMAN	100	20	0	0	61	2	524	543	2.35e-08	42.0
SRR1039508.15451070	sp|P08238|HS90B_HUMAN	100	21	0	0	63	1	10	30	1.32e-08	42.7
SRR1039508.17718716	sp|P40763|STAT3_HUMAN	100	21	0	0	63	1	105	125	2.48e-08	42.0
SRR1039508.22368392	sp|P08238|HS90B_HUMAN	85.7	21	3	0	1	63	31	51	4.16e-07	38.5
SRR1039508.20825365	sp|P08238|HS90B_HUMAN	100	20	0	0	62	3	22	41	4.40e-08	41.2
SRR1039508.4608858	sp|P08238|HS90B_HUMAN	100	20	0	0	2	61	587	606	8.42e-11	48.9
SRR1039508.12265693	sp|P09471|GNAO_HUMAN	78.9	19	4	0	2	58	242	260	5.53e-07	38.1
SRR1039508.22835894	sp|P51532|SMCA4_HUMAN	100	19	0	0	58	2	282	300	9.07e-09	43.1
SRR1039508.7917294	sp|Q925J9|MED1_MOUSE	100	21	0	0	1	63	606	626	2.00e-09	45.1
SRR1039508.8520880	sp|P08238|HS90B_HUMAN	86.7	15	2	0	61	17	596	610	3.19e-05	33.1
SRR1039508.8044683	sp|Q64127|TIF1A_MOUSE	63.2	19	7	0	59	3	900	918	5.94e-05	32.3
SRR1039508.15558855	sp|P08238|HS90B_HUMAN	100	20	0	0	2	61	393	412	1.13e-07	40.0
SRR1039508.1162592	sp|P51532|SMCA4_HUMAN	58.8	17	7	0	62	12	1036	1052	3.15e-05	33.1
SRR1039508.13494833	sp|P08238|HS90B_HUMAN	100	20	0	0	2	61	513	532	2.94e-10	47.4
SRR1039508.10871478	sp|P08238|HS90B_HUMAN	100	20	0	0	2	61	3	22	3.95e-07	38.5
SRR1039508.18629845	sp|Q9NRY4|RHG35_HUMAN	100	20	0	0	61	2	752	771	8.13e-08	40.4
SRR1039508.21220216	sp|P09471|GNAO_HUMAN	52.4	21	10	0	63	1	190	210	4.25e-04	30.0
SRR1039508.10186731	sp|Q92993|KAT5_HUMAN	100	21	0	0	63	1	320	340	2.57e-11	50.4
SRR1039508.5084894	sp|Q9NRY4|RHG35_HUMAN	100	21	0	0	1	63	1361	1381	1.46e-09	45.4
SRR1039508.14470934	tr|W1PJ14|W1PJ14_AMBTC	85.7	21	3	0	63	1	538	558	8.72e-08	40.4
SRR1039508.7243719	sp|P51531|SMCA2_HUMAN	100	20	0	0	2	61	655	674	7.29e-07	37.7
SRR1039508.14360542	tr|A0A8I3NIH7|A0A8I3NIH7_CANLF	100	20	0	0	2	61	519	538	2.37e-08	42.0
SRR1039508.19589217	sp|P08238|HS90B_HUMAN	90.0	20	2	0	3	62	42	61	4.85e-06	35.4
SRR1039508.10129831	sp|P09471|GNAO_HUMAN	94.7	19	1	0	5	61	262	280	7.57e-07	37.7
SRR1039508.4971711	sp|P40763|STAT3_HUMAN	85.0	20	3	0	2	61	388	407	3.54e-06	35.8
SRR1039508.7021395	sp|B2RWS6|EP300_MOUSE	95.0	20	1	0	62	3	2039	2058	2.31e-08	42.0
SRR1039508.5702301	sp|P01116|RASK_HUMAN	100	20	0	0	61	2	2	21	1.96e-07	39.3
SRR1039508.17793243	sp|P40763|STAT3_HUMAN	100	20	0	0	61	2	467	486	3.29e-11	50.1
SRR1039508.11929613	sp|P51532|SMCA4_HUMAN	100	20	0	0	62	3	525	544	2.32e-08	42.0
SRR1039508.19122960	sp|P01116|RASK_HUMAN	71.4	21	6	0	1	63	33	53	1.33e-05	34.3
SRR1039508.9845319	sp|P08238|HS90B_HUMAN	100	20	0	0	61	2	291	310	1.92e-09	45.1
SRR1039508.7315050	sp|Q15788|NCOA1_HUMAN	100	20	0	0	61	2	1287	1306	6.64e-09	43.5
SRR1039508.3389317	sp|P08238|HS90B_HUMAN	100	21	0	0	63	1	554	574	1.32e-08	42.7
SRR1039508.18778432	sp|P09471|GNAO_HUMAN	76.2	21	5	0	1	63	50	70	3.82e-06	35.8
SRR1039508.18014342	sp|P40763|STAT3_HUMAN	66.7	18	6	0	3	56	476	493	1.12e-04	31.6
SRR1039508.22728919	tr|A0AA88PK51|A0AA88PK51_9TELE	85.0	20	3	0	61	2	1008	1027	1.00e-06	37.4
SRR1039508.13943221	sp|P08238|HS90B_HUMAN	100	21	0	0	63	1	350	370	5.79e-10	46.6
SRR1039508.21421663	sp|P08238|HS90B_HUMAN	100	20	0	0	62	3	695	714	3.22e-08	41.6
SRR1039508.2463176	tr|W1PJ14|W1PJ14_AMBTC	89.5	19	2	0	60	4	542	560	6.37e-08	40.8
SRR1039508.1815644	tr|W1PJ14|W1PJ14_AMBTC	70.0	20	6	0	62	3	466	485	6.67e-06	35.0
SRR1039508.7341037	sp|P08238|HS90B_HUMAN	95.0	20	1	0	62	3	175	194	6.73e-09	43.5
SRR1039508.978443	tr|A0A480LKS3|A0A480LKS3_PIG	94.7	19	1	0	58	2	186	204	1.28e-05	34.3
SRR1039508.13852945	sp|Q64127|TIF1A_MOUSE	60.0	20	8	0	3	62	245	264	4.34e-05	32.7
SRR1039508.12442936	tr|A0AA88PK51|A0AA88PK51_9TELE	85.0	20	3	0	2	61	945	964	1.25e-08	42.7
SRR1039508.3352816	sp|P09471|GNAO_HUMAN	75.0	20	5	0	61	2	210	229	1.58e-07	39.7
SRR1039508.20824073	sp|P08238|HS90B_HUMAN	90.5	21	2	0	1	63	188	208	1.32e-08	42.7
SRR1039508.349622	sp|P08238|HS90B_HUMAN	95.0	20	1	0	3	62	613	632	3.60e-09	44.3
SRR1039508.940927	sp|B2RWS6|EP300_MOUSE	100	21	0	0	1	63	1734	1754	1.63e-10	48.1
SRR1039508.8673418	sp|P09471|GNAO_HUMAN	84.2	19	3	0	57	1	242	260	8.89e-08	40.4
SRR1039508.2038275	tr|A0A8I3NIH7|A0A8I3NIH7_CANLF	61.1	18	7	0	2	55	392	409	2.11e-04	30.8
SRR1039508.14233808	sp|Q92831|KAT2B_HUMAN	94.7	19	1	0	57	1	526	544	3.38e-08	41.6
SRR1039508.20609945	sp|P08238|HS90B_HUMAN	100	20	0	0	3	62	432	451	1.72e-08	42.4
SRR1039508.4045201	sp|P09471|GNAO_HUMAN	76.2	21	5	0	1	63	50	70	3.82e-06	35.8
SRR1039508.2577524	sp|P51531|SMCA2_HUMAN	100	20	0	0	3	62	593	612	1.90e-09	45.1
SRR1039508.15311070	sp|O43889|CREB3_HUMAN	100	20	0	0	61	2	190	209	3.62e-06	35.8
SRR1039508.18794766	sp|Q9UKL3|C8AP2_HUMAN	100	20	0	0	3	62	1894	1913	3.49e-06	35.8
SRR1039508.6191295	tr|A0A8I3NIH7|A0A8I3NIH7_CANLF	100	20	0	0	3	62	288	307	1.94e-09	45.1
SRR1039508.10305198	sp|P40763|STAT3_HUMAN	80.0	20	4	0	3	62	452	471	4.36e-05	32.7
SRR1039508.13535648	sp|P40763|STAT3_HUMAN	100	20	0	0	3	62	337	356	1.54e-07	39.7
SRR1039508.15366457	sp|B2RWS6|EP300_MOUSE	100	20	0	0	61	2	1355	1374	1.89e-09	45.1
SRR1039508.9913711	sp|P08238|HS90B_HUMAN	95.0	20	1	0	62	3	396	415	1.01e-06	37.4
SRR1039508.9251127	sp|P08238|HS90B_HUMAN	100	20	0	0	62	3	392	411	1.38e-06	37.0
SRR1039508.12444693	sp|P08238|HS90B_HUMAN	95.0	20	1	0	2	61	295	314	6.73e-09	43.5
SRR1039508.13386724	sp|Q15788|NCOA1_HUMAN	100	20	0	0	61	2	745	764	4.85e-09	43.9
SRR1039508.6335099	sp|O43889|CREB3_HUMAN	100	20	0	0	2	61	314	333	5.64e-10	46.6
SRR1039508.12271990	sp|P10275|ANDR_HUMAN	100	20	0	0	3	62	17	36	4.89e-09	43.9
SRR1039508.22388001	sp|P19793|RXRA_HUMAN	100	20	0	0	2	61	29	48	1.95e-09	45.1
SRR1039508.22223253	sp|P08238|HS90B_HUMAN	100	20	0	0	2	61	378	397	1.26e-08	42.7
SRR1039508.13223360	tr|W1PJ14|W1PJ14_AMBTC	66.7	21	7	0	1	63	496	516	3.76e-06	35.8
SRR1039508.18647656	sp|P40763|STAT3_HUMAN	100	20	0	0	2	61	625	644	2.35e-08	42.0
SRR1039508.17414862	sp|P01116|RASK_HUMAN	76.5	17	4	0	51	1	53	69	1.23e-04	31.6
SRR1039508.17856498	sp|P08238|HS90B_HUMAN	90.0	20	2	0	62	3	85	104	8.24e-08	40.4
SRR1039508.13483551	sp|Q92831|KAT2B_HUMAN	85.7	21	3	0	1	63	745	765	5.16e-09	43.9
SRR1039508.9567877	sp|P09471|GNAO_HUMAN	63.2	19	7	0	2	58	167	185	2.14e-04	30.8
SRR1039508.3207181	sp|P08238|HS90B_HUMAN	100	20	0	0	62	3	700	719	1.26e-08	42.7
SRR1039508.3336040	sp|Q9UKL3|C8AP2_HUMAN	100	20	0	0	62	3	1047	1066	1.69e-08	42.4
SRR1039508.2340553	sp|P51531|SMCA2_HUMAN	100	21	0	0	1	63	779	799	2.50e-11	50.4
SRR1039508.6852968	tr|W1PJ14|W1PJ14_AMBTC	60.0	20	8	0	1	60	471	490	1.80e-05	33.9
SRR1039508.2431527	tr|W1PJ14|W1PJ14_AMBTC	61.1	18	7	0	5	58	500	517	2.11e-04	30.8
SRR1039508.8827769	sp|P42345|MTOR_HUMAN	100	21	0	0	1	63	2164	2184	3.04e-10	47.4
SRR1039508.16214656	tr|W1PJ14|W1PJ14_AMBTC	84.2	19	3	0	60	4	546	564	6.37e-08	40.8
SRR1039508.11970015	tr|W1PJ14|W1PJ14_AMBTC	70.0	20	6	0	2	61	495	514	1.02e-06	37.4
SRR1039508.22346070	sp|Q92993|KAT5_HUMAN	73.7	19	5	0	62	6	327	345	1.25e-05	34.3
SRR1039508.16546497	sp|P08238|HS90B_HUMAN	95.0	20	1	0	3	62	613	632	3.60e-09	44.3
SRR1039508.7378393	sp|P08238|HS90B_HUMAN	100	20	0	0	3	62	275	294	2.94e-10	47.4
SRR1039508.1115732	sp|P08238|HS90B_HUMAN	100	21	0	0	1	63	45	65	1.81e-08	42.4
SRR1039508.8383201	sp|P08238|HS90B_HUMAN	100	21	0	0	63	1	300	320	1.36e-11	51.2
SRR1039508.1161013	tr|W1PJ14|W1PJ14_AMBTC	61.1	18	7	0	59	6	500	517	2.11e-04	30.8
SRR1039508.19668752	sp|P08238|HS90B_HUMAN	100	20	0	0	61	2	592	611	3.60e-09	44.3
SRR1039508.5749958	sp|P08238|HS90B_HUMAN	100	20	0	0	2	61	274	293	2.94e-10	47.4
SRR1039508.20539218	sp|P51532|SMCA4_HUMAN	90.0	20	2	0	60	1	1152	1171	2.19e-07	39.3
SRR1039508.9617222	tr|W1PJ14|W1PJ14_AMBTC	90.0	20	2	0	2	61	533	552	1.93e-09	45.1
SRR1039508.6517221	sp|P11473|VDR_HUMAN	100	21	0	0	1	63	147	167	1.14e-12	54.3
SRR1039508.4966389	sp|P09471|GNAO_HUMAN	70.0	20	6	0	2	61	62	81	1.14e-04	31.6
SRR1039508.3028700	sp|P10275|ANDR_HUMAN	100	20	0	0	61	2	888	907	2.87e-07	38.9
SRR1039508.8075834	tr|W1PJ14|W1PJ14_AMBTC	85.7	21	3	0	63	1	538	558	8.72e-08	40.4
SRR1039508.9572967	sp|P08238|HS90B_HUMAN	90.0	20	2	0	61	2	524	543	3.95e-07	38.5
SRR1039508.7350975	sp|P08238|HS90B_HUMAN	100	16	0	0	49	2	9	24	1.53e-04	31.2
SRR1039508.22754729	sp|P08238|HS90B_HUMAN	100	20	0	0	61	2	440	459	2.63e-09	44.7
SRR1039508.22022946	sp|P40763|STAT3_HUMAN	100	20	0	0	62	3	46	65	9.18e-09	43.1
SRR1039508.15169232	sp|P08238|HS90B_HUMAN	100	20	0	0	3	62	512	531	1.15e-10	48.5
SRR1039508.19481870	sp|P09471|GNAO_HUMAN	63.2	19	7	0	2	58	170	188	5.50e-04	29.6
SRR1039508.21621672	sp|P08238|HS90B_HUMAN	95.0	20	1	0	61	2	292	311	1.26e-08	42.7
SRR1039508.7413746	sp|B2RWS6|EP300_MOUSE	95.2	21	1	0	1	63	1648	1668	1.63e-10	48.1
SRR1039508.20956587	sp|P51531|SMCA2_HUMAN	100	21	0	0	63	1	1048	1068	1.46e-09	45.4
SRR1039508.4644053	sp|Q64127|TIF1A_MOUSE	95.0	20	1	0	62	3	277	296	1.25e-08	42.7
SRR1039508.4085733	sp|P01116|RASK_HUMAN	68.4	19	6	0	61	5	55	73	6.17e-05	32.3
SRR1039508.9226670	sp|Q9NRY4|RHG35_HUMAN	100	21	0	0	63	1	372	392	3.42e-11	50.1
SRR1039508.19269310	tr|A0A480LKS3|A0A480LKS3_PIG	100	21	0	0	63	1	176	196	1.86e-08	42.4
SRR1039508.21133518	sp|P08238|HS90B_HUMAN	100	20	0	0	61	2	387	406	2.88e-07	38.9
SRR1039508.15060779	sp|Q92993|KAT5_HUMAN	95.0	20	1	0	3	62	473	492	4.45e-08	41.2
SRR1039508.4154609	tr|W1PJ14|W1PJ14_AMBTC	85.0	20	3	0	62	3	539	558	1.13e-07	40.0
SRR1039508.4822741	sp|Q925J9|MED1_MOUSE	100	21	0	0	63	1	1065	1085	7.81e-10	46.2
SRR1039508.19276199	tr|W1PJ14|W1PJ14_AMBTC	70.0	20	6	0	1	60	466	485	2.47e-05	33.5
SRR1039508.11812774	sp|P08238|HS90B_HUMAN	82.4	17	3	0	62	12	594	610	2.33e-05	33.5
SRR1039508.11129627	sp|P09471|GNAO_HUMAN	71.4	21	6	0	1	63	58	78	6.44e-05	32.3
SRR1039508.19247793	tr|A0A8I3NIH7|A0A8I3NIH7_CANLF	100	21	0	0	63	1	296	316	2.79e-09	44.7
SRR1039508.15112947	sp|Q90415|RXRAB_DANRE	95.0	20	1	0	3	62	13	32	2.15e-07	39.3
SRR1039508.20430273	sp|P08238|HS90B_HUMAN	90.0	20	2	0	61	2	363	382	2.63e-09	44.7
SRR1039508.5767770	sp|P09471|GNAO_HUMAN	88.9	18	2	0	62	9	40	57	1.42e-06	37.0
SRR1039508.14920348	sp|P08238|HS90B_HUMAN	100	20	0	0	61	2	626	645	4.92e-09	43.9
SRR1039508.12047544	sp|P08238|HS90B_HUMAN	90.0	20	2	0	2	61	635	654	5.40e-07	38.1
SRR1039508.15277518	sp|P08238|HS90B_HUMAN	90.5	21	2	0	1	63	362	382	7.92e-10	46.2
SRR1039508.3081113	sp|Q9UGP4|LIMD1_HUMAN	100	20	0	0	61	2	73	92	2.63e-09	44.7
SRR1039508.7616615	sp|P08238|HS90B_HUMAN	100	20	0	0	2	61	133	152	4.92e-09	43.9
SRR1039508.22443376	sp|P09471|GNAO_HUMAN	81.0	21	4	0	63	1	275	295	1.22e-07	40.0
SRR1039508.21311703	sp|Q9Y692|GMEB1_HUMAN	100	20	0	0	61	2	273	292	9.26e-09	43.1
SRR1039508.910247	sp|P08238|HS90B_HUMAN	100	21	0	0	63	1	95	115	2.77e-09	44.7
SRR1039508.2010266	sp|P01116|RASK_HUMAN	80.0	20	4	0	2	61	3	22	2.56e-06	36.2
SRR1039508.19523841	sp|Q9NRY4|RHG35_HUMAN	100	21	0	0	63	1	29	49	1.83e-11	50.8
SRR1039508.17168115	sp|B2RWS6|EP300_MOUSE	85.7	21	3	0	63	1	2091	2111	2.19e-07	39.3
SRR1039508.14482935	sp|P42345|MTOR_HUMAN	100	20	0	0	3	62	1146	1165	2.58e-09	44.7
SRR1039508.17248132	sp|P08238|HS90B_HUMAN	100	20	0	0	61	2	103	122	1.13e-07	40.0
SRR1039508.20060710	sp|P40763|STAT3_HUMAN	77.8	18	4	0	56	3	501	518	9.07e-06	34.7
SRR1039508.16116756	sp|P08238|HS90B_HUMAN	95.2	21	1	0	1	63	84	104	1.32e-08	42.7
SRR1039508.13447226	sp|P40763|STAT3_HUMAN	100	20	0	0	3	62	195	214	1.01e-06	37.4
SRR1039508.17249960	sp|P51531|SMCA2_HUMAN	100	20	0	0	62	3	976	995	4.85e-09	43.9
SRR1039508.3204685	sp|P40763|STAT3_HUMAN	100	20	0	0	61	2	85	104	3.21e-08	41.6
SRR1039508.7536087	sp|P08238|HS90B_HUMAN	100	20	0	0	62	3	387	406	2.88e-07	38.9
SRR1039508.3747469	sp|P01116|RASK_HUMAN	95.0	20	1	0	61	2	28	47	2.02e-08	42.0
SRR1039508.7296049	sp|P08238|HS90B_HUMAN	100	21	0	0	63	1	309	329	2.54e-11	50.4
SRR1039508.21540026	sp|P08238|HS90B_HUMAN	81.0	21	4	0	1	63	17	37	3.74e-06	35.8
SRR1039508.14732426	tr|W1PJ14|W1PJ14_AMBTC	60.0	20	8	0	1	60	473	492	1.63e-04	31.2
SRR1039508.12699577	sp|P08238|HS90B_HUMAN	100	19	0	0	58	2	95	113	6.02e-08	40.8
SRR1039508.5312578	sp|Q92993|KAT5_HUMAN	100	21	0	0	1	63	192	212	2.05e-09	45.1
SRR1039508.9694876	sp|P08238|HS90B_HUMAN	100	20	0	0	3	62	76	95	1.26e-08	42.7
SRR1039508.8639948	sp|Q9UGP4|LIMD1_HUMAN	60.0	20	8	0	63	4	615	634	8.69e-08	40.4
SRR1039508.1109759	sp|P51532|SMCA4_HUMAN	90.5	21	1	1	61	2	1470	1490	2.56e-06	36.2
SRR1039508.9054510	sp|P08238|HS90B_HUMAN	85.0	20	3	0	62	3	166	185	2.88e-07	38.9
SRR1039508.3432018	sp|Q9NRY4|RHG35_HUMAN	100	21	0	0	63	1	250	270	5.11e-09	43.9
SRR1039508.12448303	sp|B2RWS6|EP300_MOUSE	85.0	20	3	0	3	62	104	123	8.95e-06	34.7
SRR1039508.18090373	sp|P40763|STAT3_HUMAN	100	21	0	0	63	1	429	449	7.91e-10	46.2
SRR1039508.7657809	sp|P40763|STAT3_HUMAN	100	20	0	0	3	62	318	337	2.94e-10	47.4
SRR1039508.19714169	sp|Q9UKL3|C8AP2_HUMAN	100	15	0	0	47	3	1861	1875	3.15e-05	33.1
SRR1039508.1744710	tr|W1PJ14|W1PJ14_AMBTC	73.7	19	5	0	58	2	494	512	1.25e-05	34.3
SRR1039508.10419795	sp|P08238|HS90B_HUMAN	61.9	21	8	0	63	1	138	158	7.01e-06	35.0
SRR1039508.22175609	tr|W1PJ14|W1PJ14_AMBTC	71.4	21	6	0	1	63	495	515	3.05e-07	38.9
SRR1039508.16148872	sp|P09471|GNAO_HUMAN	85.7	21	3	0	63	1	191	211	1.86e-08	42.4
SRR1039508.7926062	sp|P08238|HS90B_HUMAN	75.0	20	5	0	3	62	569	588	4.37e-05	32.7
SRR1039508.10813486	sp|P08238|HS90B_HUMAN	100	21	0	0	63	1	160	180	5.79e-10	46.6
SRR1039508.15643658	sp|Q9UGP4|LIMD1_HUMAN	100	20	0	0	3	62	495	514	2.16e-10	47.8
SRR1039508.21866354	sp|P51531|SMCA2_HUMAN	100	21	0	0	63	1	351	371	5.71e-10	46.6
SRR1039508.3746429	sp|P08238|HS90B_HUMAN	95.0	20	1	0	2	61	181	200	3.95e-07	38.5
SRR1039508.16930446	sp|P08238|HS90B_HUMAN	100	20	0	0	2	61	19	38	1.54e-07	39.7
SRR1039508.12678770	sp|P08238|HS90B_HUMAN	90.5	21	2	0	63	1	418	438	4.64e-08	41.2
SRR1039508.8304452	sp|B2RWS6|EP300_MOUSE	84.2	19	3	0	3	59	110	128	1.68e-05	33.9
SRR1039508.7464394	tr|A0A480LKS3|A0A480LKS3_PIG	100	20	0	0	2	61	201	220	4.54e-08	41.2
SRR1039508.6359774	tr|W1PJ14|W1PJ14_AMBTC	70.0	20	6	0	3	62	466	485	6.67e-06	35.0
SRR1039508.22838125	tr|W1PJ14|W1PJ14_AMBTC	85.0	20	3	0	61	2	538	557	5.42e-07	38.1
SRR1039508.14832222	sp|P42345|MTOR_HUMAN	100	21	0	0	1	63	1775	1795	9.74e-12	51.6
SRR1039508.6768496	sp|Q15788|NCOA1_HUMAN	100	19	0	0	57	1	398	416	4.12e-07	38.5
SRR1039508.22677877	sp|P08238|HS90B_HUMAN	95.2	21	1	0	63	1	517	537	2.77e-09	44.7
SRR1039508.13502799	tr|W1PJ14|W1PJ14_AMBTC	60.0	20	8	0	61	2	468	487	2.11e-04	30.8
SRR1039508.2174252	sp|P08238|HS90B_HUMAN	100	20	0	0	62	3	288	307	2.15e-10	47.8
SRR1039508.8855139	sp|P08238|HS90B_HUMAN	66.7	21	7	0	1	63	368	388	1.62e-07	39.7
SRR1039508.6681540	sp|P08238|HS90B_HUMAN	60.0	20	8	0	61	2	138	157	3.19e-05	33.1
SRR1039508.22730058	sp|P08238|HS90B_HUMAN	100	20	0	0	62	3	181	200	2.11e-07	39.3
SRR1039508.14238985	sp|P08238|HS90B_HUMAN	95.0	20	1	0	62	3	173	192	2.63e-09	44.7
SRR1039508.5243605	tr|W1PJ14|W1PJ14_AMBTC	57.1	21	9	0	1	63	501	521	1.80e-05	33.9
SRR1039508.7231911	sp|P51532|SMCA4_HUMAN	95.2	21	1	0	63	1	592	612	1.31e-08	42.7
SRR1039508.20436761	sp|O43889|CREB3_HUMAN	100	20	0	0	61	2	254	273	9.42e-09	43.1
SRR1039508.11484579	sp|P51532|SMCA4_HUMAN	100	21	0	0	63	1	1076	1096	1.07e-09	45.8
SRR1039508.3277148	sp|Q60641|NR1H4_MOUSE	63.2	19	7	0	5	61	131	149	3.58e-06	35.8
SRR1039508.4204367	sp|B2RWS6|EP300_MOUSE	95.2	21	1	0	63	1	1144	1164	3.04e-10	47.4
SRR1039508.11739535	sp|P08238|HS90B_HUMAN	100	20	0	0	61	2	537	556	1.38e-06	37.0
SRR1039508.8342056	sp|P40763|STAT3_HUMAN	100	20	0	0	61	2	199	218	2.59e-06	36.2
SRR1039508.14115945	sp|P09471|GNAO_HUMAN	85.0	20	3	0	2	61	259	278	1.94e-06	36.6
SRR1039508.9393188	sp|P08238|HS90B_HUMAN	100	21	0	0	63	1	621	641	5.79e-10	46.6
SRR1039508.15161062	sp|P08238|HS90B_HUMAN	100	20	0	0	3	62	209	228	4.92e-09	43.9
SRR1039508.2392284	sp|Q9NRY4|RHG35_HUMAN	100	20	0	0	61	2	834	853	2.32e-08	42.0
SRR1039508.12917472	sp|P51532|SMCA4_HUMAN	75.0	20	5	0	2	61	1183	1202	1.68e-05	33.9
SRR1039508.11199628	sp|P51531|SMCA2_HUMAN	95.0	20	1	0	3	62	482	501	5.33e-07	38.1
SRR1039508.2250466	sp|P40763|STAT3_HUMAN	52.4	21	10	0	1	63	561	581	7.78e-07	37.7
SRR1039508.22045882	sp|P08238|HS90B_HUMAN	100	20	0	0	62	3	306	325	1.15e-10	48.5
SRR1039508.486425	tr|W1PJ14|W1PJ14_AMBTC	90.0	20	2	0	61	2	530	549	4.94e-09	43.9
SRR1039508.20540975	sp|Q9NRY4|RHG35_HUMAN	100	20	0	0	61	2	40	59	5.42e-10	46.6
SRR1039508.14754516	sp|O43889|CREB3_HUMAN	100	20	0	0	3	62	310	329	6.32e-11	49.3
SRR1039508.974147	sp|P20815|CP3A5_HUMAN	100	20	0	0	62	3	126	145	1.95e-09	45.1
SRR1039508.444900	sp|P08238|HS90B_HUMAN	85.0	20	3	0	60	1	559	578	4.16e-07	38.5
SRR1039508.731920	sp|P42345|MTOR_HUMAN	100	20	0	0	2	61	566	585	5.31e-07	38.1
SRR1039508.12863071	tr|W1PJ14|W1PJ14_AMBTC	88.2	17	2	0	11	61	528	544	1.39e-06	37.0
SRR1039508.19990250	sp|P08238|HS90B_HUMAN	100	20	0	0	2	61	300	319	1.15e-10	48.5
SRR1039508.15325636	sp|P08238|HS90B_HUMAN	95.0	20	1	0	2	61	582	601	1.41e-09	45.4
SRR1039508.3473614	sp|P08238|HS90B_HUMAN	100	20	0	0	2	61	593	612	1.92e-09	45.1
SRR1039508.7863741	sp|P08238|HS90B_HUMAN	100	20	0	0	61	2	289	308	2.15e-10	47.8
SRR1039508.7618874	tr|W1PJ14|W1PJ14_AMBTC	70.0	20	6	0	60	1	466	485	9.63e-06	34.7
SRR1039508.4239555	sp|P08238|HS90B_HUMAN	73.7	19	5	0	61	5	495	513	1.70e-05	33.9
SRR1039508.12749781	sp|P51532|SMCA4_HUMAN	94.1	17	1	0	53	3	1292	1308	4.32e-05	32.7
SRR1039508.6343196	sp|P08238|HS90B_HUMAN	90.0	20	2	0	4	63	483	502	8.68e-08	40.4
SRR1039508.22860053	sp|P08238|HS90B_HUMAN	75.0	20	5	0	61	2	551	570	1.12e-04	31.6
SRR1039508.21869196	sp|P08238|HS90B_HUMAN	75.0	20	5	0	2	61	377	396	1.38e-06	37.0
SRR1039508.2934855	sp|Q92831|KAT2B_HUMAN	65.0	20	7	0	3	62	795	814	1.38e-06	37.0
SRR1039508.19258274	sp|P08238|HS90B_HUMAN	100	14	0	0	43	2	272	285	5.40e-04	29.6
SRR1039508.10805428	sp|P08238|HS90B_HUMAN	95.0	20	1	0	3	62	326	345	1.72e-08	42.4
SRR1039508.4058334	sp|Q15788|NCOA1_HUMAN	100	20	0	0	2	61	733	752	1.52e-07	39.7
SRR1039508.80747	tr|A0A670JPT3|A0A670JPT3_PODMU	85.0	20	3	0	3	62	449	468	1.02e-06	37.4
SRR1039508.22828094	sp|P01116|RASK_HUMAN	63.2	19	7	0	4	60	102	120	3.45e-05	33.1
SRR1039508.7819718	sp|P08238|HS90B_HUMAN	100	21	0	0	1	63	322	342	5.79e-10	46.6
SRR1039508.4653973	sp|P08238|HS90B_HUMAN	100	21	0	0	1	63	672	692	2.27e-10	47.8
SRR1039508.14182279	sp|P28704|RXRB_MOUSE	95.0	20	1	0	62	3	170	189	1.04e-09	45.8
SRR1039508.82887	tr|W1PJ14|W1PJ14_AMBTC	61.9	21	8	0	1	63	497	517	1.32e-05	34.3
SRR1039508.14062174	sp|P08238|HS90B_HUMAN	100	20	0	0	2	61	380	399	1.13e-07	40.0
SRR1039508.18449611	tr|A0AA88PK51|A0AA88PK51_9TELE	72.2	18	5	0	62	9	1029	1046	4.81e-06	35.4
SRR1039508.22199833	tr|W1PJ14|W1PJ14_AMBTC	68.4	19	6	0	3	59	467	485	8.22e-05	32.0
SRR1039508.16000559	sp|Q9UGP4|LIMD1_HUMAN	100	20	0	0	3	62	574	593	2.16e-10	47.8
SRR1039508.84679	tr|A0A8I3NIH7|A0A8I3NIH7_CANLF	100	20	0	0	2	61	488	507	8.29e-08	40.4
SRR1039508.18541749	sp|P08238|HS90B_HUMAN	100	21	0	0	1	63	33	53	5.18e-09	43.9
SRR1039508.8420683	sp|P51532|SMCA4_HUMAN	85.7	21	3	0	63	1	1155	1175	1.17e-07	40.0
SRR1039508.11784198	sp|P09471|GNAO_HUMAN	66.7	18	6	0	8	61	195	212	6.79e-06	35.0
SRR1039508.21491628	tr|A0A480LKS3|A0A480LKS3_PIG	100	21	0	0	1	63	132	152	1.24e-10	48.5
SRR1039508.20212429	sp|P51531|SMCA2_HUMAN	100	21	0	0	1	63	1296	1316	2.00e-09	45.1
SRR1039508.12253555	sp|P08238|HS90B_HUMAN	95.2	21	1	0	1	63	36	56	1.81e-08	42.4
SRR1039508.15321529	sp|P08238|HS90B_HUMAN	68.4	19	6	0	58	2	701	719	5.40e-04	29.6
SRR1039508.6422138	sp|P42345|MTOR_HUMAN	100	21	0	0	1	63	749	769	9.52e-09	43.1
SRR1039508.9116273	sp|P08238|HS90B_HUMAN	100	16	0	0	2	49	537	552	2.88e-04	30.4
SRR1039508.849837	sp|P08238|HS90B_HUMAN	80.0	20	4	0	2	61	476	495	1.89e-06	36.6
SRR1039508.21395588	sp|P10275|ANDR_HUMAN	100	20	0	0	62	3	534	553	3.28e-11	50.1
SRR1039508.12676639	sp|B2RWS6|EP300_MOUSE	95.2	21	1	0	1	63	1570	1590	1.06e-09	45.8
SRR1039508.20479695	tr|W1PJ14|W1PJ14_AMBTC	88.2	17	2	0	55	5	528	544	1.02e-06	37.4
SRR1039508.9200848	sp|P09471|GNAO_HUMAN	75.0	20	5	0	2	61	137	156	2.38e-05	33.5
SRR1039508.17509381	sp|Q9NRY4|RHG35_HUMAN	85.0	20	3	0	63	4	1391	1410	2.00e-09	45.1
SRR1039508.5922415	sp|O43889|CREB3_HUMAN	100	20	0	0	61	2	114	133	1.41e-06	37.0
SRR1039508.14997347	tr|W1PJ14|W1PJ14_AMBTC	66.7	21	7	0	63	1	464	484	3.38e-05	33.1
SRR1039508.1401655	sp|P51531|SMCA2_HUMAN	100	21	0	0	63	1	604	624	1.63e-10	48.1
SRR1039508.2338473	sp|B2RWS6|EP300_MOUSE	95.0	20	1	0	2	61	2113	2132	4.83e-09	43.9
SRR1039508.9582084	tr|W1PJ14|W1PJ14_AMBTC	90.0	20	2	0	2	61	533	552	1.93e-09	45.1
SRR1039508.2157002	sp|P08238|HS90B_HUMAN	100	21	0	0	63	1	323	343	7.92e-10	46.2
SRR1039508.13475407	sp|P08238|HS90B_HUMAN	100	20	0	0	62	3	532	551	1.01e-06	37.4
SRR1039508.6697929	tr|W1PJ14|W1PJ14_AMBTC	68.4	19	6	0	62	6	467	485	8.22e-05	32.0
SRR1039508.14581591	sp|P08238|HS90B_HUMAN	100	20	0	0	62	3	587	606	8.42e-11	48.9
SRR1039508.19423054	sp|P09471|GNAO_HUMAN	85.7	21	3	0	1	63	194	214	3.18e-10	47.4
SRR1039508.17002968	sp|P08238|HS90B_HUMAN	100	21	0	0	63	1	26	46	5.18e-09	43.9
SRR1039508.6618466	tr|W1PJ14|W1PJ14_AMBTC	84.2	19	3	0	58	2	546	564	6.05e-08	40.8
SRR1039508.5409964	sp|B2RWS6|EP300_MOUSE	90.0	20	2	0	2	61	2160	2179	5.92e-08	40.8
SRR1039508.13435445	sp|Q9NRY4|RHG35_HUMAN	100	20	0	0	3	62	48	67	7.42e-10	46.2
SRR1039508.1738363	sp|P08238|HS90B_HUMAN	100	20	0	0	2	61	417	436	6.02e-08	40.8
SRR1039508.3128265	sp|P01116|RASK_HUMAN	65.0	20	7	0	62	3	100	119	2.19e-04	30.8
SRR1039508.4259320	tr|W1PJ14|W1PJ14_AMBTC	90.0	20	2	0	61	2	532	551	2.64e-09	44.7
SRR1039508.4482244	sp|P08238|HS90B_HUMAN	70.0	20	6	0	62	3	133	152	4.85e-06	35.4
SRR1039508.13120121	tr|A0A480LKS3|A0A480LKS3_PIG	90.5	21	2	0	1	63	4	24	2.52e-05	33.5
SRR1039508.6132374	tr|W1PJ14|W1PJ14_AMBTC	89.5	19	2	0	58	2	542	560	2.36e-08	42.0
SRR1039508.22248999	tr|W1PJ14|W1PJ14_AMBTC	63.2	19	7	0	62	6	471	489	4.38e-05	32.7
SRR1039508.5205706	sp|P09471|GNAO_HUMAN	95.0	20	1	0	3	62	35	54	8.45e-08	40.4
SRR1039508.12850955	sp|P09471|GNAO_HUMAN	75.0	20	5	0	2	61	203	222	4.04e-07	38.5
SRR1039508.2722673	sp|P08238|HS90B_HUMAN	85.0	20	3	0	62	3	31	50	1.38e-06	37.0
SRR1039508.6907980	sp|Q61026|NCOA2_MOUSE	80.0	20	4	0	61	2	1270	1289	1.37e-06	37.0
SRR1039508.6379345	sp|P40763|STAT3_HUMAN	100	21	0	0	63	1	106	126	1.32e-08	42.7
SRR1039508.3210957	sp|P08238|HS90B_HUMAN	72.2	18	5	0	3	56	682	699	2.10e-04	30.8
SRR1039508.21597806	sp|Q92831|KAT2B_HUMAN	85.0	20	3	0	61	2	344	363	2.35e-08	42.0
SRR1039508.12882024	sp|Q9NRY4|RHG35_HUMAN	100	20	0	0	3	62	1297	1316	2.59e-09	44.7
SRR1039508.1640999	sp|P08238|HS90B_HUMAN	95.0	20	1	0	62	3	133	152	1.72e-08	42.4
SRR1039508.8856686	sp|Q925J9|MED1_MOUSE	100	20	0	0	3	62	595	614	1.24e-08	42.7
SRR1039508.20855213	sp|P51532|SMCA4_HUMAN	78.9	19	4	0	58	2	1167	1185	2.85e-07	38.9
SRR1039508.10392678	tr|W1PJ14|W1PJ14_AMBTC	71.4	21	6	0	1	63	494	514	1.07e-06	37.4
SRR1039508.22130101	sp|P08238|HS90B_HUMAN	100	20	0	0	62	3	276	295	1.15e-10	48.5
SRR1039508.5414780	sp|P09471|GNAO_HUMAN	82.4	17	3	0	11	61	197	213	2.65e-06	36.2
SRR1039508.2887454	tr|A0A480LKS3|A0A480LKS3_PIG	100	20	0	0	62	3	92	111	1.16e-07	40.0
SRR1039508.11788034	sp|P51532|SMCA4_HUMAN	100	20	0	0	61	2	426	445	8.12e-08	40.4
SRR1039508.8154089	sp|B2RWS6|EP300_MOUSE	90.5	21	2	0	1	63	445	465	2.99e-07	38.9
SRR1039508.10017993	sp|Q9UGP4|LIMD1_HUMAN	100	21	0	0	1	63	646	666	5.33e-12	52.4
SRR1039508.19484536	sp|P51532|SMCA4_HUMAN	72.2	18	5	0	56	3	804	821	4.32e-05	32.7
SRR1039508.6521701	tr|W1PJ14|W1PJ14_AMBTC	63.2	19	7	0	62	6	471	489	4.38e-05	32.7
SRR1039508.11245364	sp|P40763|STAT3_HUMAN	100	21	0	0	63	1	393	413	5.17e-09	43.9
SRR1039508.13928780	sp|Q15788|NCOA1_HUMAN	100	20	0	0	2	61	1199	1218	5.95e-08	40.8
SRR1039508.20528142	sp|P08238|HS90B_HUMAN	95.0	20	1	0	3	62	336	355	1.26e-08	42.7
SRR1039508.6347405	sp|O43889|CREB3_HUMAN	100	21	0	0	1	63	28	48	4.86e-11	49.7
SRR1039508.7497055	sp|P08238|HS90B_HUMAN	71.4	21	6	0	1	63	509	529	2.48e-08	42.0
SRR1039508.8790489	sp|P08238|HS90B_HUMAN	100	20	0	0	62	3	194	213	9.20e-09	43.1
SRR1039508.21950298	tr|A0AAW1ANN7|A0AAW1ANN7_CROAD	57.1	21	9	0	63	1	129	149	5.19e-06	35.4
SRR1039508.9490437	sp|Q9UGP4|LIMD1_HUMAN	90.5	21	2	0	1	63	554	574	2.85e-12	53.1
SRR1039508.13835924	sp|P40763|STAT3_HUMAN	100	20	0	0	2	61	276	295	1.38e-06	37.0
SRR1039508.10661380	tr|A0AA88PK51|A0AA88PK51_9TELE	85.7	21	3	0	1	63	991	1011	3.36e-08	41.6
SRR1039508.10263234	sp|P08238|HS90B_HUMAN	100	20	0	0	3	62	559	578	2.35e-08	42.0
SRR1039508.21887763	tr|A2BGS7|A2BGS7_DANRE	77.8	18	4	0	61	8	112	129	4.55e-05	32.7
SRR1039508.10861754	sp|P08238|HS90B_HUMAN	100	21	0	0	63	1	121	141	7.92e-10	46.2
SRR1039508.14404546	sp|P51531|SMCA2_HUMAN	100	21	0	0	63	1	1308	1328	2.00e-09	45.1
SRR1039508.9621063	sp|P51532|SMCA4_HUMAN	83.3	18	3	0	10	63	906	923	1.30e-05	34.3
SRR1039508.8861857	tr|A0A670JPT3|A0A670JPT3_PODMU	100	20	0	0	2	61	336	355	1.04e-09	45.8
SRR1039508.9533743	sp|P08238|HS90B_HUMAN	85.7	21	3	0	63	1	639	659	1.62e-07	39.7
SRR1039508.8088485	sp|P08238|HS90B_HUMAN	85.0	20	3	0	61	2	200	219	1.72e-08	42.4
SRR1039508.8183654	tr|W1PJ14|W1PJ14_AMBTC	90.0	20	2	0	61	2	532	551	2.64e-09	44.7
SRR1039508.7781164	sp|P01116|RASK_HUMAN	100	20	0	0	2	61	15	34	7.68e-10	45.8
SRR1039508.8965483	sp|P01116|RASK_HUMAN	100	21	0	0	1	63	22	42	1.11e-10	48.1
SRR1039508.620323	sp|B2RWS6|EP300_MOUSE	100	13	0	0	24	62	1434	1446	1.86e-06	36.6
SRR1039508.4347406	sp|P08238|HS90B_HUMAN	90.0	20	2	0	1	60	426	445	2.48e-08	42.0
SRR1039508.7286720	sp|P08238|HS90B_HUMAN	85.0	20	3	0	2	61	631	650	1.38e-06	37.0
SRR1039508.17797190	sp|P08238|HS90B_HUMAN	85.0	20	3	0	61	2	648	667	2.59e-06	36.2
SRR1039508.1070015	sp|P08238|HS90B_HUMAN	73.7	19	5	0	6	62	591	609	6.64e-06	35.0
SRR1039508.18741912	sp|P40763|STAT3_HUMAN	95.0	20	1	0	62	3	254	273	5.49e-10	46.6
SRR1039508.14507375	sp|P08238|HS90B_HUMAN	100	19	0	0	3	59	150	168	1.72e-08	42.4
SRR1039508.20282317	tr|A0A8I3NIH7|A0A8I3NIH7_CANLF	65.0	20	7	0	3	62	253	272	1.02e-06	37.4
SRR1039508.1828848	sp|B2RWS6|EP300_MOUSE	90.5	21	2	0	1	63	2119	2139	9.52e-09	43.1
SRR1039508.6511072	sp|Q9NRY4|RHG35_HUMAN	100	21	0	0	63	1	532	552	1.46e-09	45.4
SRR1039508.1299408	tr|W1PJ14|W1PJ14_AMBTC	85.0	20	3	0	61	2	539	558	1.13e-07	40.0
SRR1039508.6025144	sp|P08238|HS90B_HUMAN	66.7	18	6	0	9	62	505	522	2.11e-07	39.3
SRR1039508.7722688	sp|Q9NRY4|RHG35_HUMAN	100	20	0	0	3	62	661	680	3.55e-09	44.3
SRR1039508.10344002	sp|P08238|HS90B_HUMAN	100	20	0	0	3	62	303	322	8.42e-11	48.9
SRR1039508.13794566	tr|A0A670JPT3|A0A670JPT3_PODMU	100	20	0	0	62	3	329	348	1.42e-09	45.4
SRR1039508.1761564	sp|Q9NRY4|RHG35_HUMAN	100	21	0	0	1	63	1029	1049	5.71e-10	46.6
SRR1039508.20901292	sp|P42345|MTOR_HUMAN	100	20	0	0	3	62	1103	1122	1.01e-09	45.8
SRR1039508.12516994	sp|P08238|HS90B_HUMAN	60.0	20	8	0	61	2	136	155	1.12e-04	31.6
SRR1039508.20972355	sp|P20815|CP3A5_HUMAN	95.0	20	1	0	61	2	450	469	4.97e-09	43.9
SRR1039508.21594098	sp|P09471|GNAO_HUMAN	63.2	19	7	0	2	58	170	188	5.50e-04	29.6
SRR1039508.19411743	sp|P09471|GNAO_HUMAN	66.7	18	6	0	58	5	64	81	7.53e-04	29.3
SRR1039508.6742506	sp|P51531|SMCA2_HUMAN	100	21	0	0	1	63	161	181	2.73e-09	44.7
SRR1039508.5341039	sp|P09471|GNAO_HUMAN	85.0	20	3	0	3	62	260	279	2.65e-06	36.2
SRR1039508.13305925	sp|P08238|HS90B_HUMAN	100	21	0	0	1	63	107	127	4.64e-08	41.2
SRR1039508.11778645	sp|P28700|RXRA_MOUSE	100	21	0	0	1	63	240	260	9.82e-09	43.1
SRR1039508.12293321	sp|P08238|HS90B_HUMAN	100	16	0	0	14	61	9	24	1.53e-04	31.2
SRR1039508.17202925	tr|W1PJ14|W1PJ14_AMBTC	84.2	19	3	0	6	62	528	546	2.90e-07	38.9
SRR1039508.3324427	sp|P40763|STAT3_HUMAN	100	20	0	0	62	3	540	559	2.41e-11	50.4
SRR1039508.4135848	sp|P08238|HS90B_HUMAN	100	21	0	0	63	1	614	634	3.47e-11	50.1
SRR1039508.1505377	sp|P08238|HS90B_HUMAN	65.0	20	7	0	1	60	506	525	1.62e-07	39.7
SRR1039508.5537631	sp|P40763|STAT3_HUMAN	100	20	0	0	62	3	738	757	3.21e-08	41.6
SRR1039508.17902525	sp|Q92831|KAT2B_HUMAN	90.0	20	2	0	63	4	694	713	1.48e-09	45.4
SRR1039508.440419	sp|P16220|CREB1_HUMAN	80.0	20	4	0	2	61	150	169	7.60e-07	37.7
SRR1039508.15766872	sp|P51531|SMCA2_HUMAN	100	20	0	0	2	61	171	190	9.07e-09	43.1
SRR1039508.14241325	sp|P40763|STAT3_HUMAN	100	20	0	0	2	61	240	259	6.90e-12	52.0
SRR1039508.11320086	sp|P40763|STAT3_HUMAN	76.2	21	5	0	63	1	586	606	1.46e-06	37.0
SRR1039508.7327333	sp|P08238|HS90B_HUMAN	100	20	0	0	62	3	166	185	1.92e-09	45.1
SRR1039508.13726537	tr|A0A0D9S3D0|A0A0D9S3D0_CHLSB	75.0	20	5	0	4	63	26	45	5.31e-09	43.9
SRR1039508.2519968	sp|P40763|STAT3_HUMAN	100	20	0	0	61	2	104	123	6.01e-08	40.8
SRR1039508.11856295	sp|Q9NRY4|RHG35_HUMAN	100	20	0	0	2	61	927	946	2.90e-10	47.4
SRR1039508.323215	sp|P08238|HS90B_HUMAN	78.9	19	4	0	62	6	592	610	2.59e-06	36.2
SRR1039508.16303086	sp|B2RWS6|EP300_MOUSE	85.0	20	2	1	3	62	821	839	3.89e-04	30.0
SRR1039508.4668627	tr|A0A480LKS3|A0A480LKS3_PIG	100	21	0	0	1	63	39	59	6.62e-11	49.3
SRR1039508.14545328	tr|W1PJ14|W1PJ14_AMBTC	70.0	20	6	0	61	2	466	485	6.67e-06	35.0
SRR1039508.4205021	sp|Q61026|NCOA2_MOUSE	75.0	20	5	0	1	60	339	358	1.78e-05	33.9
SRR1039508.19838847	sp|P10275|ANDR_HUMAN	80.0	20	4	0	62	3	595	614	2.34e-08	42.0
SRR1039508.5941931	sp|P09471|GNAO_HUMAN	90.0	20	2	0	4	63	170	189	6.50e-08	40.8
SRR1039508.15679249	sp|P08238|HS90B_HUMAN	100	20	0	0	2	61	354	373	7.52e-10	46.2
SRR1039508.5747884	sp|B2RWS6|EP300_MOUSE	100	20	0	0	62	3	1194	1213	6.04e-11	49.3
SRR1039508.8152088	sp|P08238|HS90B_HUMAN	100	20	0	0	3	62	50	69	4.92e-09	43.9
SRR1039508.4600333	sp|P08238|HS90B_HUMAN	81.3	16	3	0	59	12	559	574	4.37e-05	32.7
SRR1039508.11530121	sp|Q92993|KAT5_HUMAN	100	20	0	0	2	61	17	36	1.42e-09	45.4
SRR1039508.20888037	tr|A0A8C3FQM6|A0A8C3FQM6_CHRPI	60.0	20	8	0	4	63	84	103	7.14e-06	35.0
SRR1039508.14942493	sp|P09471|GNAO_HUMAN	83.3	18	3	0	6	59	136	153	7.57e-07	37.7
SRR1039508.19061516	sp|P40763|STAT3_HUMAN	100	20	0	0	62	3	512	531	2.88e-07	38.9
SRR1039508.8713884	sp|P28704|RXRB_MOUSE	100	20	0	0	61	2	338	357	5.56e-10	46.6
SRR1039508.13362594	sp|Q61026|NCOA2_MOUSE	100	20	0	0	62	3	444	463	6.64e-09	43.5
SRR1039508.8400278	sp|P08238|HS90B_HUMAN	100	21	0	0	1	63	596	616	2.27e-10	47.8
SRR1039508.7726422	sp|P08238|HS90B_HUMAN	100	21	0	0	1	63	23	43	4.64e-08	41.2
SRR1039508.18572262	sp|Q9UKL3|C8AP2_HUMAN	100	20	0	0	62	3	1203	1222	2.59e-09	44.7
SRR1039508.21202649	sp|P08238|HS90B_HUMAN	100	20	0	0	62	3	85	104	2.35e-08	42.0
SRR1039508.16829700	tr|W1PJ14|W1PJ14_AMBTC	73.7	19	5	0	3	59	492	510	1.25e-05	34.3
SRR1039508.6018015	sp|P09471|GNAO_HUMAN	95.0	20	1	0	3	62	36	55	1.58e-07	39.7
SRR1039508.19575450	sp|Q64127|TIF1A_MOUSE	100	20	0	0	2	61	335	354	1.53e-07	39.7
SRR1039508.10175599	sp|P08238|HS90B_HUMAN	90.5	21	2	0	1	63	110	130	8.68e-08	40.4
SRR1039508.6461594	sp|B2RWS6|EP300_MOUSE	100	20	0	0	2	61	591	610	6.60e-09	43.5
SRR1039508.10695595	tr|A0AAW1ANN7|A0AAW1ANN7_CROAD	76.5	17	4	0	52	2	127	143	2.91e-04	30.4
SRR1039508.16560417	sp|P10276|RARA_HUMAN	100	21	0	0	63	1	152	172	1.20e-07	40.0
SRR1039508.20471177	sp|Q61026|NCOA2_MOUSE	100	20	0	0	3	62	899	918	1.90e-09	45.1
SRR1039508.9991024	sp|P09471|GNAO_HUMAN	88.9	18	2	0	2	55	40	57	1.42e-06	37.0
SRR1039508.19013129	sp|P51532|SMCA4_HUMAN	100	20	0	0	61	2	1207	1226	3.17e-08	41.6
SRR1039508.11967575	sp|P08238|HS90B_HUMAN	100	20	0	0	2	61	153	172	7.52e-10	46.2
SRR1039508.11001762	sp|P09471|GNAO_HUMAN	75.0	20	5	0	3	62	50	69	3.63e-06	35.8
SRR1039508.15714988	sp|Q15788|NCOA1_HUMAN	100	20	0	0	3	62	445	464	1.37e-06	37.0
SRR1039508.5211763	sp|P08238|HS90B_HUMAN	70.0	20	6	0	60	1	701	720	8.65e-05	32.0
SRR1039508.6105474	sp|P08238|HS90B_HUMAN	85.0	20	3	0	2	61	646	665	2.59e-06	36.2
SRR1039508.9740341	sp|O43889|CREB3_HUMAN	100	20	0	0	62	3	49	68	8.43e-08	40.4
SRR1039508.19097702	sp|P08238|HS90B_HUMAN	100	20	0	0	2	61	3	22	3.95e-07	38.5
SRR1039508.14776715	sp|Q64127|TIF1A_MOUSE	100	20	0	0	3	62	774	793	4.37e-08	41.2
SRR1039508.12238175	sp|P40763|STAT3_HUMAN	95.0	20	1	0	2	61	505	524	3.21e-08	41.6
SRR1039508.1882278	tr|W1PJ14|W1PJ14_AMBTC	85.7	21	3	0	1	63	528	548	1.82e-08	42.4
SRR1039508.17588640	tr|A0A8I3NIH7|A0A8I3NIH7_CANLF	100	20	0	0	2	61	400	419	3.62e-09	44.3
SRR1039508.16452781	sp|Q925J9|MED1_MOUSE	88.2	17	2	0	3	53	1519	1535	8.98e-06	34.7
SRR1039508.7375033	sp|P08238|HS90B_HUMAN	100	20	0	0	3	62	662	681	3.60e-09	44.3
SRR1039508.5588779	sp|P01116|RASK_HUMAN	82.4	17	3	0	3	53	103	119	2.56e-06	36.2
SRR1039508.1955850	sp|Q92831|KAT2B_HUMAN	100	21	0	0	1	63	493	513	7.89e-10	46.2
SRR1039508.17388365	tr|W1PJ14|W1PJ14_AMBTC	85.7	21	3	0	63	1	536	556	7.12e-09	43.5
SRR1039508.21471044	sp|P08238|HS90B_HUMAN	70.0	20	6	0	1	60	91	110	9.59e-06	34.7
SRR1039508.6806879	sp|P08238|HS90B_HUMAN	85.0	20	3	0	2	61	57	76	1.01e-06	37.4
SRR1039508.18729606	sp|P08238|HS90B_HUMAN	100	17	0	0	1	51	708	724	1.07e-06	37.4
SRR1039508.14526375	tr|W1PJ14|W1PJ14_AMBTC	61.1	18	7	0	3	56	472	489	8.22e-05	32.0
SRR1039508.5581805	sp|P08238|HS90B_HUMAN	90.0	20	2	0	61	2	526	545	1.01e-06	37.4
SRR1039508.20419435	sp|P40763|STAT3_HUMAN	100	20	0	0	2	61	694	713	2.94e-10	47.4
SRR1039508.14869522	sp|P08238|HS90B_HUMAN	90.0	20	2	0	61	2	401	420	5.40e-07	38.1
SRR1039508.18718754	sp|P08238|HS90B_HUMAN	86.7	15	2	0	62	18	710	724	3.94e-04	30.0
SRR1039508.13465292	tr|W1PJ14|W1PJ14_AMBTC	70.0	20	6	0	2	61	495	514	1.02e-06	37.4
SRR1039508.20545410	sp|B2RWS6|EP300_MOUSE	100	20	0	0	2	61	1086	1105	2.58e-09	44.7
SRR1039508.2842694	sp|P08238|HS90B_HUMAN	100	21	0	0	63	1	431	451	7.08e-09	43.5
SRR1039508.20535934	sp|P09471|GNAO_HUMAN	95.0	20	1	0	61	2	176	195	6.18e-08	40.8
SRR1039508.6617720	sp|P51532|SMCA4_HUMAN	100	20	0	0	62	3	1142	1161	7.41e-10	46.2
SRR1039508.2615579	sp|P09471|GNAO_HUMAN	100	16	0	0	14	61	40	55	4.46e-05	32.7
SRR1039508.16172132	sp|B2RWS6|EP300_MOUSE	70.0	20	6	0	61	2	1083	1102	8.95e-06	34.7
SRR1039508.22334882	sp|P51532|SMCA4_HUMAN	100	20	0	0	2	61	806	825	8.29e-11	48.9
SRR1039508.17642724	sp|Q9NRY4|RHG35_HUMAN	60.0	20	8	0	62	3	1375	1394	1.52e-04	31.2
SRR1039508.21006643	sp|P08238|HS90B_HUMAN	100	20	0	0	61	2	35	54	4.40e-08	41.2
SRR1039508.11750151	sp|P28700|RXRA_MOUSE	100	20	0	0	61	2	246	265	4.99e-09	43.9
SRR1039508.4799441	tr|W1PJ14|W1PJ14_AMBTC	89.5	19	2	0	58	2	542	560	2.36e-08	42.0
SRR1039508.13862382	sp|P40763|STAT3_HUMAN	100	21	0	0	1	63	401	421	8.85e-11	48.9
SRR1039508.8389401	sp|B2RWS6|EP300_MOUSE	100	20	0	0	61	2	1772	1791	4.95e-12	52.4
SRR1039508.6031370	sp|P08238|HS90B_HUMAN	100	20	0	0	61	2	335	354	4.92e-09	43.9
SRR1039508.547130	sp|P51531|SMCA2_HUMAN	100	21	0	0	1	63	1041	1061	7.81e-10	46.2
SRR1039508.14383687	sp|P08238|HS90B_HUMAN	90.0	20	2	0	3	62	659	678	1.26e-08	42.7
SRR1039508.4180423	sp|Q92831|KAT2B_HUMAN	100	20	0	0	3	62	687	706	4.01e-10	47.0
SRR1039508.4757350	sp|P51532|SMCA4_HUMAN	84.2	19	3	0	57	1	906	924	9.48e-06	34.7
SRR1039508.7943328	tr|A0A480LKS3|A0A480LKS3_PIG	100	20	0	0	2	61	87	106	9.48e-09	43.1
SRR1039508.15418152	sp|P09471|GNAO_HUMAN	94.4	18	1	0	2	55	262	279	3.63e-06	35.8
SRR1039508.10093926	sp|P09471|GNAO_HUMAN	76.2	21	5	0	1	63	49	69	2.79e-06	36.2
SRR1039508.20409804	sp|Q64127|TIF1A_MOUSE	95.2	21	1	0	1	63	514	534	4.20e-10	47.0
SRR1039508.12103754	tr|W1PJ14|W1PJ14_AMBTC	85.7	21	3	0	63	1	537	557	1.82e-08	42.4
SRR1039508.8163359	sp|P51531|SMCA2_HUMAN	81.0	21	4	0	1	63	1137	1157	3.35e-08	41.6
SRR1039508.16229198	sp|Q92993|KAT5_HUMAN	71.4	21	6	0	1	63	402	422	1.47e-06	37.0
SRR1039508.17100245	sp|Q969H0|FBXW7_HUMAN	100	20	0	0	2	61	155	174	6.73e-09	43.5
SRR1039508.22437531	sp|P42345|MTOR_HUMAN	100	20	0	0	3	62	2300	2319	3.95e-10	47.0
SRR1039508.14208410	sp|Q9UGP4|LIMD1_HUMAN	65.0	20	7	0	3	62	612	631	2.11e-07	39.3
SRR1039508.20263289	tr|A2BGS7|A2BGS7_DANRE	66.7	21	7	0	1	63	101	121	2.21e-07	39.3
SRR1039508.18295099	sp|P09471|GNAO_HUMAN	85.0	20	3	0	62	3	181	200	4.52e-08	41.2
SRR1039508.19031281	sp|P08238|HS90B_HUMAN	100	20	0	0	61	2	308	327	1.15e-10	48.5
SRR1039508.15920434	tr|A0A670JPT3|A0A670JPT3_PODMU	90.5	21	2	0	1	63	492	512	7.07e-06	35.0
SRR1039508.8640180	tr|W1PJ14|W1PJ14_AMBTC	85.0	20	3	0	61	2	538	557	5.42e-07	38.1
SRR1039508.19951849	sp|P08238|HS90B_HUMAN	100	20	0	0	61	2	524	543	2.35e-08	42.0
SRR1039508.4409370	sp|Q9NRY4|RHG35_HUMAN	100	21	0	0	63	1	213	233	1.31e-08	42.7
SRR1039508.9696876	sp|P08238|HS90B_HUMAN	80.0	15	3	0	2	46	560	574	8.18e-05	32.0
SRR1039508.11863975	sp|P01116|RASK_HUMAN	95.0	20	1	0	61	2	102	121	2.85e-09	44.3
SRR1039508.7661963	sp|P08238|HS90B_HUMAN	71.4	21	6	0	63	1	68	88	3.74e-06	35.8
SRR1039508.4535265	sp|P08238|HS90B_HUMAN	90.5	21	2	0	1	63	363	383	1.08e-09	45.8
SRR1039508.11487272	sp|P08238|HS90B_HUMAN	100	20	0	0	3	62	673	692	1.92e-09	45.1
SRR1039508.5898845	sp|P08238|HS90B_HUMAN	100	18	0	0	55	2	272	289	6.02e-08	40.8
SRR1039508.20401916	sp|P09471|GNAO_HUMAN	73.7	19	5	0	1	57	336	354	1.49e-06	37.0
SRR1039508.14317625	tr|A0A287B3I8|A0A287B3I8_PIG	100	20	0	0	3	62	359	378	4.06e-10	47.0
SRR1039508.7114559	sp|P08238|HS90B_HUMAN	100	21	0	0	1	63	297	317	6.48e-11	49.3
SRR1039508.21112036	tr|A0AA88PK51|A0AA88PK51_9TELE	94.7	19	1	0	5	61	995	1013	4.36e-08	41.2
SRR1039508.15418097	sp|P08238|HS90B_HUMAN	71.4	21	6	0	1	63	370	390	4.64e-08	41.2
SRR1039508.12152201	sp|P28704|RXRB_MOUSE	100	21	0	0	63	1	181	201	8.00e-10	46.2
SRR1039508.13978907	tr|W1PJ14|W1PJ14_AMBTC	61.9	21	8	0	63	1	467	487	6.34e-05	32.3
SRR1039508.6377798	sp|P08238|HS90B_HUMAN	100	20	0	0	62	3	700	719	1.26e-08	42.7
SRR1039508.10273135	sp|P08238|HS90B_HUMAN	73.7	19	5	0	6	62	591	609	6.64e-06	35.0
SRR1039508.10783354	sp|Q15788|NCOA1_HUMAN	100	20	0	0	3	62	1143	1162	3.55e-09	44.3
SRR1039508.16290411	sp|P42345|MTOR_HUMAN	100	21	0	0	1	63	1437	1457	1.82e-11	50.8
SRR1039508.4424485	sp|P08238|HS90B_HUMAN	100	21	0	0	63	1	647	667	1.32e-08	42.7
SRR1039508.1208811	sp|P51532|SMCA4_HUMAN	100	21	0	0	63	1	1215	1235	3.73e-09	44.3
SRR1039508.19522726	tr|W1PJ14|W1PJ14_AMBTC	90.0	20	2	0	61	2	530	549	4.94e-09	43.9
SRR1039508.9168361	tr|W1PJ14|W1PJ14_AMBTC	50.0	20	10	0	62	3	552	571	3.95e-04	30.0
SRR1039508.155655	tr|A0A670JPT3|A0A670JPT3_PODMU	100	20	0	0	2	61	299	318	3.25e-08	41.6
SRR1039508.11300549	sp|P08238|HS90B_HUMAN	100	21	0	0	1	63	571	591	1.08e-09	45.8
SRR1039508.8251318	tr|W1PJ14|W1PJ14_AMBTC	81.0	21	4	0	63	1	540	560	8.72e-08	40.4
SRR1039508.8885290	sp|P01116|RASK_HUMAN	100	20	0	0	62	3	70	89	5.52e-10	46.2
SRR1039508.3515911	sp|P09471|GNAO_HUMAN	95.0	20	1	0	61	2	210	229	7.73e-10	46.2
SRR1039508.11361664	sp|P42345|MTOR_HUMAN	100	20	0	0	62	3	336	355	6.60e-09	43.5
SRR1039508.6444323	sp|P08238|HS90B_HUMAN	100	20	0	0	3	62	13	32	3.95e-07	38.5
SRR1039508.3091447	sp|B2RWS6|EP300_MOUSE	75.0	20	5	0	62	3	2271	2290	3.14e-05	33.1
SRR1039508.11229573	sp|P08238|HS90B_HUMAN	100	21	0	0	1	63	117	137	2.77e-09	44.7
SRR1039508.5601298	tr|W1PJ14|W1PJ14_AMBTC	50.0	20	10	0	62	3	552	571	3.95e-04	30.0
SRR1039508.8068958	tr|W1PJ14|W1PJ14_AMBTC	85.7	21	3	0	63	1	538	558	8.72e-08	40.4
SRR1039508.12922597	sp|Q64127|TIF1A_MOUSE	100	20	0	0	62	3	245	264	1.02e-09	45.8
SRR1039508.14034963	sp|P08238|HS90B_HUMAN	100	20	0	0	62	3	126	145	1.72e-08	42.4
SRR1039508.5656517	tr|A0A670JPT3|A0A670JPT3_PODMU	95.2	21	1	0	63	1	154	174	1.22e-10	48.5
SRR1039508.6157236	sp|P08238|HS90B_HUMAN	85.0	20	3	0	61	2	57	76	1.01e-06	37.4
SRR1039508.8157518	tr|W1PJ14|W1PJ14_AMBTC	57.1	21	9	0	63	1	501	521	1.80e-05	33.9
SRR1039508.4885857	tr|W1PJ14|W1PJ14_AMBTC	84.2	19	3	0	61	5	546	564	6.05e-08	40.8
SRR1039508.19006632	tr|W1PJ14|W1PJ14_AMBTC	85.0	20	3	0	61	2	538	557	5.42e-07	38.1
SRR1039508.11255684	sp|Q9UGP4|LIMD1_HUMAN	57.9	19	8	0	63	7	616	634	4.17e-07	38.5
SRR1039508.14125746	sp|P08238|HS90B_HUMAN	93.3	15	1	0	62	18	710	724	2.10e-04	30.8
SRR1039508.14437977	sp|P08238|HS90B_HUMAN	90.0	20	2	0	2	61	425	444	9.20e-09	43.1
SRR1039508.22107638	sp|P40763|STAT3_HUMAN	100	20	0	0	3	62	461	480	5.49e-10	46.6
SRR1039508.13611871	sp|P09471|GNAO_HUMAN	73.7	19	5	0	4	60	331	349	1.34e-05	34.3
SRR1039508.10894965	sp|P51531|SMCA2_HUMAN	100	21	0	0	63	1	588	608	5.71e-10	46.6
SRR1039508.20433091	tr|W1PJ14|W1PJ14_AMBTC	85.0	20	3	0	61	2	542	561	1.73e-08	42.4
SRR1039508.18487432	sp|B2RWS6|EP300_MOUSE	100	20	0	0	3	62	1343	1362	4.83e-09	43.9
SRR1039508.14645010	sp|P08238|HS90B_HUMAN	68.4	19	6	0	5	61	505	523	4.40e-08	41.2
SRR1039508.22648952	sp|P01116|RASK_HUMAN	76.5	17	4	0	51	1	53	69	1.23e-04	31.6
SRR1039508.9763791	sp|P51532|SMCA4_HUMAN	100	20	0	0	3	62	111	130	3.54e-09	44.3
SRR1039508.9963406	sp|P51531|SMCA2_HUMAN	100	20	0	0	62	3	664	683	2.08e-07	39.3
SRR1039508.8552110	sp|P08238|HS90B_HUMAN	85.0	20	3	0	3	62	645	664	2.88e-07	38.9
SRR1039508.12883606	sp|P42345|MTOR_HUMAN	100	20	0	0	61	2	399	418	3.53e-09	44.3
SRR1039508.4703801	sp|P08238|HS90B_HUMAN	90.0	20	2	0	2	61	651	670	1.38e-06	37.0
SRR1039508.19162844	sp|B2RWS6|EP300_MOUSE	94.7	19	1	0	4	60	528	546	1.44e-06	37.0
SRR1039508.16450484	sp|B2RWS6|EP300_MOUSE	85.7	21	3	0	63	1	2123	2143	1.30e-08	42.7
SRR1039508.16729263	sp|P08238|HS90B_HUMAN	80.0	20	4	0	62	3	380	399	1.24e-05	34.3
SRR1039508.5527662	sp|P08238|HS90B_HUMAN	85.7	21	3	0	63	1	511	531	1.48e-09	45.4
SRR1039508.22405844	sp|P08238|HS90B_HUMAN	100	20	0	0	2	61	110	129	2.35e-08	42.0
SRR1039508.1869386	sp|P08238|HS90B_HUMAN	75.0	20	5	0	61	2	474	493	1.70e-05	33.9
SRR1039508.10763455	tr|W1PJ14|W1PJ14_AMBTC	89.5	19	2	0	6	62	530	548	3.23e-08	41.6
SRR1039508.16362048	sp|P08238|HS90B_HUMAN	100	21	0	0	63	1	524	544	2.77e-09	44.7
SRR1039508.17546281	sp|P08238|HS90B_HUMAN	71.4	21	6	0	63	1	511	531	7.08e-09	43.5
SRR1039508.17081750	sp|Q64127|TIF1A_MOUSE	68.8	16	5	0	58	11	905	920	2.09e-04	30.8
SRR1039508.756794	sp|P08238|HS90B_HUMAN	85.0	20	3	0	61	2	200	219	1.72e-08	42.4
SRR1039508.7686498	sp|P40763|STAT3_HUMAN	60.0	20	8	0	62	3	235	254	8.18e-05	32.0
SRR1039508.15515987	sp|P08238|HS90B_HUMAN	80.0	20	4	0	3	62	493	512	1.38e-06	37.0
SRR1039508.8141829	sp|Q92993|KAT5_HUMAN	93.3	15	1	0	46	2	310	324	4.40e-05	32.7
SRR1039508.10707024	sp|Q92831|KAT2B_HUMAN	100	20	0	0	2	61	698	717	2.93e-10	47.4
SRR1039508.4017701	sp|P40763|STAT3_HUMAN	100	21	0	0	63	1	79	99	2.02e-09	45.1
SRR1039508.22698730	sp|P20815|CP3A5_HUMAN	100	20	0	0	2	61	121	140	7.61e-10	46.2
SRR1039508.1996020	sp|P08238|HS90B_HUMAN	100	20	0	0	61	2	13	32	3.95e-07	38.5
SRR1039508.11519562	sp|P08238|HS90B_HUMAN	100	20	0	0	61	2	440	459	2.63e-09	44.7
SRR1039508.4709617	sp|P08238|HS90B_HUMAN	85.0	20	3	0	62	3	162	181	2.88e-07	38.9
SRR1039508.2404091	tr|A0A670JPT3|A0A670JPT3_PODMU	100	20	0	0	2	61	167	186	5.56e-10	46.6
SRR1039508.19333124	tr|A0AA88PK51|A0AA88PK51_9TELE	61.9	21	8	0	1	63	920	940	1.45e-06	37.0
SRR1039508.1503326	sp|Q92831|KAT2B_HUMAN	90.0	20	2	0	62	3	681	700	7.50e-10	46.2
SRR1039508.17289813	sp|P08238|HS90B_HUMAN	76.2	21	5	0	63	1	703	723	1.31e-05	34.3
SRR1039508.19784608	sp|Q64127|TIF1A_MOUSE	68.4	19	6	0	59	3	929	947	3.17e-05	33.1
SRR1039508.21161001	sp|P08238|HS90B_HUMAN	95.2	21	1	0	63	1	281	301	4.23e-10	47.0
SRR1039508.16115660	tr|A0A670JPT3|A0A670JPT3_PODMU	100	21	0	0	1	63	184	204	1.00e-11	51.6
SRR1039508.14553365	sp|P08238|HS90B_HUMAN	100	19	0	0	2	58	531	549	3.54e-06	35.8
SRR1039508.10380208	sp|P40763|STAT3_HUMAN	75.0	20	5	0	2	61	10	29	1.38e-06	37.0
SRR1039508.14961621	sp|P08238|HS90B_HUMAN	100	21	0	0	63	1	276	296	2.54e-11	50.4
SRR1039508.4363962	sp|P01116|RASK_HUMAN	83.3	18	3	0	8	61	1	18	9.18e-06	34.7
SRR1039508.5021892	sp|Q9UGP4|LIMD1_HUMAN	95.0	20	1	0	61	2	614	633	2.16e-10	47.8
SRR1039508.16897589	sp|P09471|GNAO_HUMAN	80.0	20	4	0	62	3	204	223	1.77e-08	42.4
SRR1039508.16282933	sp|P08238|HS90B_HUMAN	95.0	20	1	0	2	61	662	681	9.20e-09	43.1
SRR1039508.13017324	sp|P40763|STAT3_HUMAN	100	20	0	0	61	2	374	393	1.26e-08	42.7
SRR1039508.16855455	sp|Q64127|TIF1A_MOUSE	61.9	21	8	0	63	1	246	266	5.09e-06	35.4
SRR1039508.3635847	sp|P09471|GNAO_HUMAN	71.4	21	6	0	63	1	132	152	2.04e-06	36.6
SRR1039508.6350188	sp|Q15788|NCOA1_HUMAN	100	20	0	0	2	61	1017	1036	1.90e-09	45.1
SRR1039508.16593544	sp|P40763|STAT3_HUMAN	52.4	21	10	0	1	63	473	493	2.22e-04	30.8
SRR1039508.9991768	sp|P08238|HS90B_HUMAN	100	20	0	0	62	3	387	406	2.88e-07	38.9
SRR1039508.4159180	sp|P08238|HS90B_HUMAN	95.0	20	1	0	2	61	181	200	5.40e-07	38.1
SRR1039508.5327793	sp|P08238|HS90B_HUMAN	76.2	21	5	0	1	63	702	722	5.12e-06	35.4
SRR1039508.2035370	sp|P51531|SMCA2_HUMAN	100	20	0	0	60	1	567	586	3.35e-08	41.6
SRR1039508.19719886	sp|P51531|SMCA2_HUMAN	100	20	0	0	2	61	1056	1075	5.42e-10	46.6
SRR1039508.19092465	sp|Q92993|KAT5_HUMAN	100	20	0	0	3	62	11	30	4.56e-11	49.7
SRR1039508.19584650	sp|P08238|HS90B_HUMAN	100	20	0	0	3	62	286	305	8.42e-11	48.9
SRR1039508.12272059	sp|P08238|HS90B_HUMAN	100	21	0	0	63	1	403	423	9.69e-09	43.1
SRR1039508.9347756	sp|P51531|SMCA2_HUMAN	100	21	0	0	1	63	718	738	5.71e-10	46.6
SRR1039508.7266567	sp|P08238|HS90B_HUMAN	71.4	21	6	0	63	1	66	86	3.74e-06	35.8
SRR1039508.3017801	sp|Q92831|KAT2B_HUMAN	85.7	21	3	0	63	1	697	717	5.77e-10	46.6
SRR1039508.12787984	sp|P08238|HS90B_HUMAN	95.0	20	1	0	2	61	293	312	1.41e-09	45.4
SRR1039508.22541520	tr|W1PJ14|W1PJ14_AMBTC	85.0	20	3	0	61	2	538	557	5.42e-07	38.1
SRR1039508.8972437	sp|P08238|HS90B_HUMAN	81.0	21	4	0	63	1	211	231	1.19e-07	40.0
SRR1039508.15534522	sp|P09471|GNAO_HUMAN	85.0	20	3	0	3	62	266	285	4.96e-06	35.4
SRR1039508.11905420	sp|Q15788|NCOA1_HUMAN	100	20	0	0	62	3	1074	1093	1.24e-08	42.7
SRR1039508.13897362	tr|W1PJ14|W1PJ14_AMBTC	83.3	18	3	0	61	8	547	564	2.90e-07	38.9
SRR1039508.20887892	sp|P51531|SMCA2_HUMAN	95.0	20	1	0	62	3	606	625	6.63e-09	43.5
SRR1039508.10280824	sp|P01116|RASK_HUMAN	88.2	17	2	0	5	55	28	44	3.52e-06	35.8
SRR1039508.5027409	sp|P08238|HS90B_HUMAN	90.0	20	2	0	62	3	153	172	1.54e-07	39.7
SRR1039508.10841911	sp|P28704|RXRB_MOUSE	100	20	0	0	2	61	182	201	2.66e-09	44.7
SRR1039508.11064212	sp|P40763|STAT3_HUMAN	100	20	0	0	61	2	499	518	5.49e-10	46.6
SRR1039508.14223080	sp|P01116|RASK_HUMAN	80.0	20	4	0	61	2	99	118	1.96e-07	39.3
SRR1039508.16175599	tr|A0A480LKS3|A0A480LKS3_PIG	100	20	0	0	2	61	154	173	2.71e-09	44.7
SRR1039508.15615008	sp|P08238|HS90B_HUMAN	100	20	0	0	62	3	96	115	1.26e-08	42.7
SRR1039508.13808687	sp|P08238|HS90B_HUMAN	100	20	0	0	61	2	415	434	6.73e-09	43.5
SRR1039508.4476754	sp|P09471|GNAO_HUMAN	90.0	20	2	0	2	61	197	216	1.18e-10	48.5
SRR1039508.8406996	sp|P08238|HS90B_HUMAN	81.0	21	4	0	1	63	208	228	2.48e-08	42.0
SRR1039508.6861429	sp|Q9NRY4|RHG35_HUMAN	100	20	0	0	2	61	5	24	6.64e-09	43.5
SRR1039508.9040285	sp|P08238|HS90B_HUMAN	100	20	0	0	62	3	115	134	1.72e-08	42.4
SRR1039508.16990823	sp|P08238|HS90B_HUMAN	80.0	20	4	0	3	62	440	459	5.40e-07	38.1
SRR1039508.12450495	sp|P09471|GNAO_HUMAN	84.2	19	3	0	59	3	197	215	2.70e-09	44.7
SRR1039508.6503504	tr|W1PJ14|W1PJ14_AMBTC	85.0	20	3	0	61	2	538	557	5.42e-07	38.1
SRR1039508.20362885	sp|P08238|HS90B_HUMAN	100	20	0	0	2	61	27	46	6.02e-08	40.8
SRR1039508.19637517	sp|P08238|HS90B_HUMAN	100	20	0	0	2	61	338	357	3.60e-09	44.3
SRR1039508.19392113	sp|Q92993|KAT5_HUMAN	100	20	0	0	2	61	172	191	1.91e-06	36.6
SRR1039508.4788353	tr|W1PJ14|W1PJ14_AMBTC	85.7	21	3	0	63	1	539	559	7.12e-09	43.5
SRR1039508.22855491	sp|Q925J9|MED1_MOUSE	95.0	20	1	0	62	3	22	41	2.59e-09	44.7
SRR1039508.8937985	tr|A0A480LKS3|A0A480LKS3_PIG	100	20	0	0	2	61	64	83	1.30e-08	42.7
SRR1039508.5102866	sp|Q925J9|MED1_MOUSE	100	20	0	0	62	3	1202	1221	8.13e-08	40.4
SRR1039508.22232859	sp|P01116|RASK_HUMAN	66.7	18	6	0	1	54	103	120	8.15e-04	29.3
SRR1039508.13384899	sp|P08238|HS90B_HUMAN	85.7	21	3	0	63	1	165	185	3.39e-08	41.6
SRR1039508.15024730	sp|P51531|SMCA2_HUMAN	70.0	20	6	0	2	61	942	961	1.11e-04	31.6
SRR1039508.6081780	sp|Q92831|KAT2B_HUMAN	90.5	21	2	0	1	63	179	199	1.81e-08	42.4
SRR1039508.13699796	sp|P09471|GNAO_HUMAN	80.0	20	4	0	62	3	23	42	1.74e-05	33.9
SRR1039508.2477549	tr|W1PJ14|W1PJ14_AMBTC	70.0	20	6	0	61	2	466	485	6.67e-06	35.0
SRR1039508.15225267	tr|W1PJ14|W1PJ14_AMBTC	55.0	20	9	0	2	61	500	519	6.00e-05	32.3
SRR1039508.17188569	tr|W1PJ14|W1PJ14_AMBTC	70.0	20	6	0	3	62	495	514	1.02e-06	37.4
SRR1039508.8003274	sp|P08238|HS90B_HUMAN	95.0	20	1	0	2	61	38	57	8.24e-08	40.4
SRR1039508.279290	sp|P40763|STAT3_HUMAN	100	21	0	0	1	63	192	212	1.46e-06	37.0
SRR1039508.13736636	sp|P08238|HS90B_HUMAN	78.9	19	4	0	63	7	592	610	5.12e-06	35.4
SRR1039508.7962156	sp|P08238|HS90B_HUMAN	100	20	0	0	2	61	115	134	1.72e-08	42.4
SRR1039508.3935871	sp|P40763|STAT3_HUMAN	100	20	0	0	61	2	701	720	2.63e-09	44.7
SRR1039508.4348892	sp|O43889|CREB3_HUMAN	100	21	0	0	1	63	245	265	1.52e-09	45.4
SRR1039508.8519429	sp|P51532|SMCA4_HUMAN	100	21	0	0	1	63	982	1002	9.55e-09	43.1
SRR1039508.4395633	sp|P09471|GNAO_HUMAN	88.9	18	2	0	3	56	40	57	1.42e-06	37.0
SRR1039508.11775510	sp|P08238|HS90B_HUMAN	100	20	0	0	3	62	581	600	7.52e-10	46.2
SRR1039508.6958099	sp|P08238|HS90B_HUMAN	100	20	0	0	2	61	380	399	1.13e-07	40.0
SRR1039508.21742897	sp|P51532|SMCA4_HUMAN	100	20	0	0	61	2	1486	1505	6.63e-09	43.5
SRR1039508.12698799	sp|P20815|CP3A5_HUMAN	81.0	21	4	0	1	63	369	389	2.51e-08	42.0
SRR1039508.3962693	sp|P08238|HS90B_HUMAN	100	20	0	0	61	2	402	421	6.02e-08	40.8
SRR1039508.7915173	tr|W1PJ14|W1PJ14_AMBTC	85.0	20	3	0	61	2	538	557	5.42e-07	38.1
SRR1039508.19988804	sp|P51531|SMCA2_HUMAN	100	20	0	0	3	62	869	888	1.90e-09	45.1
SRR1039508.389519	sp|P08238|HS90B_HUMAN	90.0	20	2	0	4	63	515	534	2.48e-08	42.0
SRR1039508.22755840	tr|W1PJ14|W1PJ14_AMBTC	88.2	17	2	0	10	60	528	544	1.47e-06	37.0
SRR1039508.11588348	sp|P08238|HS90B_HUMAN	100	20	0	0	3	62	67	86	6.73e-09	43.5
SRR1039508.12588105	sp|P08238|HS90B_HUMAN	95.0	20	1	0	61	2	338	357	1.26e-08	42.7
SRR1039508.21324031	tr|A8QZ73|A8QZ73_MAIZE	81.0	21	4	0	1	63	113	133	6.36e-10	45.8
SRR1039508.1624367	tr|A0A480LKS3|A0A480LKS3_PIG	95.2	21	1	0	63	1	51	71	1.52e-09	45.4
SRR1039508.7868971	sp|P09471|GNAO_HUMAN	76.2	21	5	0	1	63	49	69	2.79e-06	36.2
SRR1039508.21110606	sp|P08238|HS90B_HUMAN	100	21	0	0	63	1	302	322	1.36e-11	51.2
SRR1039508.9270801	sp|P08238|HS90B_HUMAN	95.2	21	1	0	63	1	39	59	2.48e-08	42.0
SRR1039508.4981992	sp|Q15788|NCOA1_HUMAN	100	21	0	0	1	63	178	198	3.83e-12	52.8
SRR1039508.5376984	sp|P40763|STAT3_HUMAN	100	20	0	0	61	2	118	137	5.39e-07	38.1
SRR1039508.21931133	sp|P10275|ANDR_HUMAN	100	21	0	0	1	63	614	634	2.01e-09	45.1
SRR1039508.2174460	tr|W1PJ14|W1PJ14_AMBTC	63.2	19	7	0	58	2	471	489	1.54e-04	31.2
SRR1039508.6133790	sp|P51532|SMCA4_HUMAN	100	21	0	0	1	63	1487	1507	3.05e-10	47.4
SRR1039508.14088235	sp|P08238|HS90B_HUMAN	89.5	19	2	0	61	5	427	445	2.88e-07	38.9
SRR1039508.14418548	sp|P09471|GNAO_HUMAN	90.0	20	2	0	2	61	213	232	8.45e-08	40.4
SRR1039508.10914259	sp|P08238|HS90B_HUMAN	81.0	21	4	0	63	1	557	577	1.07e-06	37.4
SRR1039508.19717015	sp|P08238|HS90B_HUMAN	85.0	20	3	0	3	62	632	651	7.39e-07	37.7
SRR1039508.6704291	sp|P08238|HS90B_HUMAN	100	20	0	0	2	61	410	429	1.72e-08	42.4
SRR1039508.15466092	sp|B2RWS6|EP300_MOUSE	100	20	0	0	3	62	2275	2294	5.92e-08	40.8
SRR1039508.10125456	sp|P40763|STAT3_HUMAN	100	20	0	0	61	2	251	270	1.76e-11	50.8
SRR1039508.21963658	sp|P08238|HS90B_HUMAN	95.2	21	1	0	63	1	56	76	3.39e-08	41.6
SRR1039508.9975529	sp|P08238|HS90B_HUMAN	100	20	0	0	62	3	273	292	1.92e-09	45.1
SRR1039508.22167491	tr|A0A212CGZ6|A0A212CGZ6_CEREH	76.2	21	5	0	1	63	30	50	4.34e-10	47.0
SRR1039508.10134186	tr|W1PJ14|W1PJ14_AMBTC	60.0	20	8	0	1	60	498	517	6.34e-05	32.3
SRR1039508.16427718	sp|P08238|HS90B_HUMAN	95.0	20	1	0	2	61	173	192	2.63e-09	44.7
SRR1039508.7903681	tr|W1PJ14|W1PJ14_AMBTC	73.7	19	5	0	61	5	492	510	1.25e-05	34.3
SRR1039508.21729573	tr|W1PJ14|W1PJ14_AMBTC	68.4	19	6	0	3	59	467	485	8.22e-05	32.0
SRR1039508.4172792	sp|P40763|STAT3_HUMAN	100	21	0	0	1	63	228	248	2.02e-09	45.1
SRR1039508.22619206	sp|P08238|HS90B_HUMAN	100	21	0	0	1	63	31	51	5.18e-09	43.9
SRR1039508.4058185	sp|Q9UGP4|LIMD1_HUMAN	75.0	20	5	0	61	2	511	530	1.90e-06	36.6
SRR1039508.19462897	sp|B2RWS6|EP300_MOUSE	55.0	20	9	0	61	2	1079	1098	3.89e-04	30.0
SRR1039508.13361747	sp|P08238|HS90B_HUMAN	85.0	20	3	0	62	3	166	185	2.88e-07	38.9
SRR1039508.270383	sp|P08238|HS90B_HUMAN	100	20	0	0	2	61	155	174	4.02e-10	47.0
SRR1039508.2215543	sp|P01116|RASK_HUMAN	80.0	20	4	0	61	2	100	119	1.03e-07	40.0
SRR1039508.10297047	tr|W1PJ14|W1PJ14_AMBTC	61.1	18	7	0	2	55	472	489	8.22e-05	32.0
SRR1039508.4104166	sp|B2RWS6|EP300_MOUSE	100	20	0	0	2	61	1783	1802	2.36e-11	50.4
SRR1039508.5328633	sp|P42345|MTOR_HUMAN	100	21	0	0	1	63	861	881	7.77e-10	46.2
SRR1039508.267082	sp|P40763|STAT3_HUMAN	71.4	21	6	0	1	63	10	30	2.22e-07	39.3
SRR1039508.16224880	sp|Q925J9|MED1_MOUSE	90.0	20	2	0	3	62	232	251	3.90e-07	38.5
SRR1039508.17233303	sp|P20815|CP3A5_HUMAN	85.7	21	3	0	1	63	338	358	9.79e-09	43.1
SRR1039508.14339274	sp|P08238|HS90B_HUMAN	100	19	0	0	58	2	145	163	3.60e-09	44.3
SRR1039508.8516328	sp|P08238|HS90B_HUMAN	100	21	0	0	1	63	84	104	7.08e-09	43.5
SRR1039508.7099131	sp|P40763|STAT3_HUMAN	100	20	0	0	62	3	284	303	1.40e-09	45.4
SRR1039508.807039	sp|P09471|GNAO_HUMAN	85.7	21	3	0	63	1	182	202	9.93e-09	43.1
SRR1039508.3423168	sp|P40763|STAT3_HUMAN	89.5	19	2	0	3	59	518	536	1.70e-05	33.9
SRR1039508.21453177	sp|P08238|HS90B_HUMAN	95.0	20	1	0	3	62	671	690	2.63e-09	44.7
SRR1039508.15874869	sp|P08238|HS90B_HUMAN	95.2	21	1	0	63	1	284	304	1.21e-10	48.5
SRR1039508.13786787	tr|W1PJ14|W1PJ14_AMBTC	57.1	21	9	0	1	63	501	521	1.32e-05	34.3
SRR1039508.22691788	sp|Q925J9|MED1_MOUSE	100	20	0	0	2	61	104	123	1.01e-09	45.8
SRR1039508.21545832	tr|A0A670JPT3|A0A670JPT3_PODMU	100	21	0	0	1	63	276	296	4.28e-10	47.0
SRR1039508.962886	sp|P08238|HS90B_HUMAN	90.0	20	2	0	3	62	328	347	3.60e-09	44.3
SRR1039508.5195429	sp|Q92993|KAT5_HUMAN	75.0	20	5	0	61	2	326	345	3.98e-07	38.5
SRR1039508.14793058	sp|O43889|CREB3_HUMAN	100	20	0	0	3	62	261	280	1.76e-08	42.4
SRR1039508.622147	sp|P08238|HS90B_HUMAN	100	21	0	0	1	63	21	41	8.68e-08	40.4
SRR1039508.2842808	sp|P51532|SMCA4_HUMAN	100	21	0	0	1	63	201	221	1.31e-08	42.7
SRR1039508.7779684	tr|A0A671F296|A0A671F296_RHIFE	65.0	20	7	0	62	3	57	76	4.97e-06	35.4
SRR1039508.15183602	sp|P08238|HS90B_HUMAN	85.0	20	3	0	61	2	632	651	7.39e-07	37.7
SRR1039508.17323467	sp|P08238|HS90B_HUMAN	100	21	0	0	63	1	74	94	5.79e-10	46.6
SRR1039508.3091190	sp|P08238|HS90B_HUMAN	100	21	0	0	63	1	525	545	9.69e-09	43.1
SRR1039508.13182028	tr|A0A480LKS3|A0A480LKS3_PIG	100	21	0	0	1	63	255	275	4.84e-11	49.7
SRR1039508.21710581	sp|O43889|CREB3_HUMAN	100	20	0	0	2	61	75	94	5.64e-10	46.6
SRR1039508.13666929	tr|A0A480LKS3|A0A480LKS3_PIG	100	19	0	0	6	62	30	48	7.60e-07	37.7
SRR1039508.20715640	tr|A0A8I3NIH7|A0A8I3NIH7_CANLF	100	20	0	0	3	62	371	390	1.04e-09	45.8
SRR1039508.18928530	sp|Q15788|NCOA1_HUMAN	100	21	0	0	1	63	484	504	5.11e-09	43.9
SRR1039508.17508463	tr|W1PJ14|W1PJ14_AMBTC	66.7	21	7	0	63	1	464	484	3.38e-05	33.1
SRR1039508.642040	sp|B2RWS6|EP300_MOUSE	75.0	20	5	0	62	3	561	580	2.84e-07	38.9
SRR1039508.16321947	sp|P08238|HS90B_HUMAN	85.0	20	3	0	61	2	510	529	1.72e-08	42.4
SRR1039508.13330575	tr|W1PJ14|W1PJ14_AMBTC	85.7	21	3	0	63	1	543	563	5.20e-09	43.9
SRR1039508.13036328	tr|W1PJ14|W1PJ14_AMBTC	90.0	20	2	0	61	2	530	549	4.94e-09	43.9
SRR1039508.3099330	sp|P08238|HS90B_HUMAN	100	17	0	0	3	53	708	724	5.40e-07	38.1
SRR1039508.18092838	sp|B2RWS6|EP300_MOUSE	100	20	0	0	61	2	794	813	2.31e-08	42.0
SRR1039508.14946953	sp|P09471|GNAO_HUMAN	85.0	20	3	0	61	2	282	301	9.44e-09	43.1
SRR1039508.8497625	tr|A0AA88PK51|A0AA88PK51_9TELE	65.0	20	7	0	61	2	922	941	2.86e-07	38.9
SRR1039508.6930651	sp|P08238|HS90B_HUMAN	80.0	20	4	0	61	2	385	404	4.85e-06	35.4
SRR1039508.16763818	sp|P08238|HS90B_HUMAN	90.5	21	2	0	1	63	580	600	1.48e-09	45.4
SRR1039508.18164390	tr|W1PJ14|W1PJ14_AMBTC	84.2	19	3	0	61	5	546	564	6.05e-08	40.8
SRR1039508.22467934	sp|Q15788|NCOA1_HUMAN	100	20	0	0	2	61	497	516	3.55e-09	44.3
SRR1039508.1611160	sp|Q92831|KAT2B_HUMAN	100	21	0	0	1	63	607	627	3.09e-10	47.4
SRR1039508.1903896	sp|P08238|HS90B_HUMAN	73.7	19	5	0	6	62	591	609	6.64e-06	35.0
SRR1039508.1764967	sp|Q9NRY4|RHG35_HUMAN	100	21	0	0	63	1	235	255	3.74e-09	44.3
SRR1039508.6757014	sp|P08238|HS90B_HUMAN	100	21	0	0	1	63	422	442	1.66e-10	48.1
SRR1039508.14441945	tr|W1PJ14|W1PJ14_AMBTC	90.0	20	2	0	61	2	530	549	4.94e-09	43.9
SRR1039508.15553298	sp|P08238|HS90B_HUMAN	95.0	20	1	0	61	2	98	117	1.54e-07	39.7
SRR1039508.21935891	tr|A0AA88PK51|A0AA88PK51_9TELE	75.0	20	5	0	61	2	985	1004	2.86e-07	38.9
SRR1039508.11493984	tr|W1PJ14|W1PJ14_AMBTC	68.4	19	6	0	3	59	467	485	8.22e-05	32.0
SRR1039508.16773193	sp|P08238|HS90B_HUMAN	100	20	0	0	61	2	468	487	1.72e-08	42.4
SRR1039508.9272038	sp|P08238|HS90B_HUMAN	95.0	20	1	0	2	61	531	550	3.95e-07	38.5
SRR1039508.22663101	sp|P08238|HS90B_HUMAN	100	20	0	0	3	62	76	95	1.26e-08	42.7
SRR1039508.2245976	sp|P20815|CP3A5_HUMAN	95.0	20	1	0	62	3	137	156	3.25e-08	41.6
SRR1039508.2180430	sp|P40763|STAT3_HUMAN	100	20	0	0	62	3	244	263	1.15e-10	48.5
SRR1039508.10260779	tr|A0A3P8YQ13|A0A3P8YQ13_ESOLU	52.4	21	10	0	63	1	385	405	1.20e-04	31.6
SRR1039508.3086214	tr|W1PJ14|W1PJ14_AMBTC	73.7	19	5	0	61	5	492	510	1.25e-05	34.3
SRR1039508.14735084	sp|P08238|HS90B_HUMAN	90.0	20	2	0	3	62	526	545	1.01e-06	37.4
SRR1039508.6492997	sp|P08238|HS90B_HUMAN	72.2	18	5	0	2	55	682	699	2.10e-04	30.8
SRR1039508.5225414	sp|B2RWS6|EP300_MOUSE	80.0	20	4	0	2	61	1471	1490	5.31e-07	38.1
SRR1039508.1954023	tr|W1PJ14|W1PJ14_AMBTC	90.0	20	2	0	60	1	536	555	1.82e-08	42.4
SRR1039508.9064551	sp|P40763|STAT3_HUMAN	100	21	0	0	1	63	612	632	1.21e-10	48.5
SRR1039508.11148839	sp|P40763|STAT3_HUMAN	100	20	0	0	62	3	678	697	1.40e-09	45.4
SRR1039508.13926723	sp|P09471|GNAO_HUMAN	80.0	20	4	0	3	62	247	266	1.42e-06	37.0
SRR1039508.9334355	sp|P08238|HS90B_HUMAN	85.0	20	3	0	62	3	27	46	1.70e-05	33.9
SRR1039508.16281180	sp|P08238|HS90B_HUMAN	100	20	0	0	61	2	90	109	4.40e-08	41.2
SRR1039508.13939317	sp|Q9Y692|GMEB1_HUMAN	100	20	0	0	62	3	361	380	4.43e-08	41.2
SRR1039508.10547430	sp|P09471|GNAO_HUMAN	76.5	17	4	0	63	13	338	354	3.44e-05	33.1
SRR1039508.6046226	sp|P20815|CP3A5_HUMAN	90.0	20	2	0	3	62	433	452	1.42e-09	45.4
SRR1039508.9063610	sp|P09471|GNAO_HUMAN	100	20	0	0	3	62	35	54	2.16e-07	39.3
SRR1039508.12583859	sp|P08238|HS90B_HUMAN	85.0	20	3	0	3	62	157	176	2.88e-07	38.9
SRR1039508.9854596	sp|P20815|CP3A5_HUMAN	84.2	19	3	0	61	5	396	414	1.04e-09	45.8
SRR1039508.18820910	sp|P40763|STAT3_HUMAN	100	20	0	0	3	62	48	67	2.63e-09	44.7
SRR1039508.17244296	sp|P40763|STAT3_HUMAN	100	16	0	0	3	50	755	770	1.38e-06	37.0
SRR1039508.22440457	sp|P08238|HS90B_HUMAN	85.0	20	3	0	4	63	170	189	8.68e-08	40.4
SRR1039508.5060565	sp|P08238|HS90B_HUMAN	100	21	0	0	63	1	681	701	1.48e-09	45.4
SRR1039508.12596946	sp|P51532|SMCA4_HUMAN	100	21	0	0	1	63	1533	1553	7.80e-10	46.2
SRR1039508.318647	sp|P08238|HS90B_HUMAN	100	20	0	0	2	61	310	329	1.15e-10	48.5
SRR1039508.4826912	sp|P01116|RASK_HUMAN	82.4	17	3	0	61	11	104	120	1.26e-05	34.3
SRR1039508.6084913	sp|P08238|HS90B_HUMAN	100	20	0	0	3	62	479	498	2.35e-08	42.0
SRR1039508.12877778	sp|P08238|HS90B_HUMAN	80.0	20	4	0	1	60	378	397	1.07e-06	37.4
SRR1039508.16975406	sp|P09471|GNAO_HUMAN	75.0	20	5	0	62	3	72	91	7.53e-04	29.3
SRR1039508.9246944	sp|P08238|HS90B_HUMAN	100	20	0	0	61	2	368	387	1.41e-09	45.4
SRR1039508.16681692	sp|P08238|HS90B_HUMAN	81.0	21	4	0	1	63	505	525	2.48e-08	42.0
SRR1039508.14841746	sp|P01116|RASK_HUMAN	84.2	19	3	0	58	2	102	120	5.36e-08	40.8
SRR1039508.1093730	sp|Q9UKL3|C8AP2_HUMAN	100	20	0	0	3	62	778	797	9.05e-09	43.1
SRR1039508.7337973	tr|A0A480PNE7|A0A480PNE7_PIG	100	21	0	0	1	63	2	22	2.30e-10	47.8
SRR1039508.17225505	sp|Q925J9|MED1_MOUSE	100	21	0	0	1	63	1388	1408	2.45e-08	42.0
SRR1039508.2758863	sp|P51531|SMCA2_HUMAN	61.1	18	7	0	55	2	876	893	7.32e-04	29.3
SRR1039508.5032464	tr|W1PJ14|W1PJ14_AMBTC	85.7	21	3	0	63	1	538	558	8.72e-08	40.4
SRR1039508.17429299	tr|A0A480LKS3|A0A480LKS3_PIG	100	20	0	0	2	61	64	83	1.30e-08	42.7
SRR1039508.12906475	sp|P42345|MTOR_HUMAN	100	21	0	0	63	1	1904	1924	2.04e-12	53.5
SRR1039508.9462882	sp|P08238|HS90B_HUMAN	95.2	21	1	0	63	1	343	363	3.39e-08	41.6
SRR1039508.695490	sp|P51532|SMCA4_HUMAN	100	21	0	0	1	63	360	380	1.07e-09	45.8
SRR1039508.684632	sp|P42345|MTOR_HUMAN	100	21	0	0	63	1	2187	2207	2.22e-10	47.8
SRR1039508.3499887	sp|P08238|HS90B_HUMAN	100	20	0	0	62	3	692	711	2.11e-07	39.3
SRR1039508.11395962	tr|A0A7K9JLY2|A0A7K9JLY2_9PASE	68.4	19	6	0	3	59	14	32	7.27e-07	37.7
SRR1039508.815963	sp|P08238|HS90B_HUMAN	100	20	0	0	62	3	345	364	4.40e-08	41.2
SRR1039508.245055	sp|P08238|HS90B_HUMAN	100	20	0	0	3	62	381	400	1.13e-07	40.0
SRR1039508.10734825	sp|P42345|MTOR_HUMAN	100	20	0	0	3	62	1633	1652	1.89e-09	45.1
SRR1039508.20871717	sp|P08238|HS90B_HUMAN	100	20	0	0	62	3	181	200	2.11e-07	39.3
SRR1039508.16882047	sp|P08238|HS90B_HUMAN	100	20	0	0	61	2	326	345	1.26e-08	42.7
SRR1039508.17310847	sp|P40763|STAT3_HUMAN	100	20	0	0	62	3	41	60	5.49e-10	46.6
SRR1039508.4647948	sp|P08238|HS90B_HUMAN	63.2	19	7	0	58	2	368	386	9.09e-06	34.7
SRR1039508.19347735	sp|P08238|HS90B_HUMAN	90.0	20	2	0	62	3	330	349	1.72e-08	42.4
SRR1039508.18744590	sp|P08238|HS90B_HUMAN	95.0	20	1	0	61	2	468	487	2.11e-07	39.3
SRR1039508.18455815	sp|B2RWS6|EP300_MOUSE	95.2	21	1	0	1	63	1163	1183	1.82e-11	50.8
SRR1039508.18706943	sp|Q9NRY4|RHG35_HUMAN	100	20	0	0	3	62	752	771	8.13e-08	40.4
SRR1039508.7958843	sp|P08238|HS90B_HUMAN	90.0	20	2	0	4	63	509	528	7.08e-09	43.5
SRR1039508.19502908	sp|P42345|MTOR_HUMAN	100	20	0	0	3	62	1356	1375	1.38e-09	45.4
SRR1039508.20979385	tr|W1PJ14|W1PJ14_AMBTC	85.7	21	3	0	63	1	537	557	1.82e-08	42.4
SRR1039508.10339350	sp|P08238|HS90B_HUMAN	78.9	19	4	0	62	6	706	724	2.33e-05	33.5
SRR1039508.12243401	sp|P09471|GNAO_HUMAN	78.9	19	4	0	3	59	326	344	2.38e-05	33.5
SRR1039508.6488502	sp|B2RWS6|EP300_MOUSE	90.0	20	2	0	2	61	193	212	5.92e-08	40.8
SRR1039508.249669	sp|P08238|HS90B_HUMAN	100	21	0	0	63	1	413	433	3.79e-09	44.3
